
strategic_region={
	id=1
	name="STRATEGICREGION_1"
	provinces={
		12 20 26 49 58 86 99 104 112 117 151 157 163 168 196 202 205 208 225 237 250 260 311 363 387 405 422 460 505 512 525 550 553 1329 1331 1339 1340 1344 1346 1350 1355 1356 1357 1360 1361 1363 1364 1366 1367 1369 1370 1372 1373 1375 1377 1379 1380 1381 1385 1386 1387 1388 1389 1391 1392 1395 1397 1398 1401 1402 1403 1407 1408 1410 1411 1414 1415 1421 1424 1427 1428 1429 1432 1434 1435 1436 1437 1438 1439 1440 1441 1442 1445 1448 1449 1450 1451 1452 1453 1454 1455 1456 1458 1461 1462 1463 1464 1465 1469 1470 1471 1472 1475 1478 1479 1480 1482 1486 1489 1494 1524 1525 1529 1538 1542 1545 1552 1554 1558 1561 1565 1568 1571 1576 1578 1579 1615 1617 1619 1627 1630 1635 1637 1638 1640 1648 2918 2919 2920 2921 2922 2925 2928 2930 2931 2932 2933 2934 2935 2936 2937 2938 2939 2940 2941 2942 2943 3495 3498 3504 4002 
	}
	weather={
		period={
			between={ 0.0 0.0 }
			temperature={ -10.0 35.0 }
			no_phenomenon=1.500
			rain_light=0.250
			rain_heavy=0.100
			snow=0.000
			blizzard=0.000
			arctic_water=0.000
			mud=0.000
			sandstorm=0.000
			min_snow_level=0.000
		}
	}
}
