
strategic_region={
	id=1
	name="STRATEGICREGION_47"
	provinces={
		18678 18679 18681 18682 18684 18685 18686 18687 18688 18689 18691 18692 18695 18699 18700 18702 18703 18704 18705 18708 18710 18712 18715 18716 18717 18718 18720 18722 18723 18724 18726 18727 18728 18730 18731 18734 18741 18743 18745 18746 18749 18750 18752 18753 18754 18755 18756 18757 18760 18764 18766 18768 18769 18772 18773 18775 18776 18779 18780 18781 18784 18785 18786 18788 18794 18795 18796 18797 18798 18799 18800 18801 18804 18806 18807 18808 18810 18811 18813 18814 18815 18816 18817 18818 18821 18824 18829 18830 18831 18833 18835 18836 18839 18841 18842 18843 18847 18849 18850 18852 18855 18856 18857 18858 18865 18866 18867 18871 18874 18876 18877 18879 18887 18891 18892 18894 18896 18901 18902 18903 18905 18906 18907 18913 18914 18915 18918 18922 18923 18925 18928 18929 18933 18939 18941 18942 18946 18948 18949 18952 18953 18954 18955 18956 18957 18959 18960 18961 18965 18968 18973 18976 18977 18981 18983 18985 18986 18996 18998 19001 19003 19006 19013 19014 19017 19021 19024 19028 19029 19030 19032 19036 19037 19041 
	}
	naval_terrain=water_hyperlane
	weather={
		period={
			between={ 0.0 0.0 }
			temperature={ -10.0 35.0 }
			no_phenomenon=1.500
			rain_light=0.250
			rain_heavy=0.100
			snow=0.000
			blizzard=0.000
			arctic_water=0.000
			mud=0.000
			sandstorm=0.000
			min_snow_level=0.000
		}
	}
}
