
strategic_region={
	id=10
	name="STRATEGICREGION_10"
	provinces={
		4 90 107 112 132 170 186 195 197 203 226 232 244 400 410 453 455 464 465 480 484 488 489 526 543 548 566 568 587 625 642 648 652 677 698 747 750 754 782 797 800 804 820 902 974 1027 1060 1082 1093 1096 1100 1141 1180 1185 1195 1207 1258 1266 1267 1283 1322 1352 1364 1365 1383 1394 1427 1487 1574 1582 1600 1614 1651 1687 1715 1724 1733 1739 1758 1762 1772 1788 1796 1797 1803 1812 1867 1921 1924 1949 1970 1987 1990 1991 2003 2018 2021 2040 2065 2081 2088 2091 2127 2148 2183 2190 2197 2200 2281 2308 2315 2335 2376 2381 2394 2396 2403 2439 2447 2464 2514 2524 2541 2549 2557 2575 2596 2650 2660 2696 2703 2742 2748 2757 2780 2806 2839 2860 2872 2914 2919 2926 2950 2973 3000 3004 3009 3012 3031 3125 3129 3132 3147 3153 3167 3176 3193 3328 3429 3446 3513 3517 3553 3555 3561 3577 3609 3613 3630 3631 3632 3634 3664 3695 3699 3710 3717 3718 3750 3773 3787 3789 3823 3832 3870 3871 3951 3956 3971 3973 3975 4009 4055 4090 4116 4149 4205 4208 4213 4225 4244 4254 4259 4277 4286 4332 4373 4414 4446 4455 4457 4486 4494 4516 4520 4542 4548 4587 4619 4635 4642 4656 4662 4668 4692 4695 4703 4715 4738 4749 4759 4797 4809 4843 4923 4952 4957 5016 5052 5054 5070 5079 5083 5085 5103 5105 5129 5136 5165 5220 5230 5252 5276 5287 5306 5326 5365 5393 5407 5409 5429 5435 5456 5465 5489 5494 5530 5546 5605 5628 5635 5640 5650 5700 5701 5702 5703 5728 5770 5806 5901 5904 5910 5944 5966 5981 5991 5996 6023 6142 6147 6155 6188 6192 6238 6243 6257 10960 10961 10968 10970 10974 10981 10982 10988 10990 10997 11001 11006 11008 11012 11014 11015 11017 11018 11025 11026 11029 11032 11033 11035 11037 11038 11041 11044 11047 11048 11049 11052 11058 11061 11067 11068 11069 11071 11073 11074 11079 11082 11084 11086 11087 11088 11089 11092 11093 11097 11102 11105 11106 11108 11109 11110 11111 11115 11116 11121 11130 11132 11133 11137 11138 11141 11142 11144 11148 11149 11152 11153 11157 11158 11163 11164 11165 11170 11171 11178 11181 11182 11183 11187 11190 11192 11197 11198 11199 11203 11207 11208 11212 11221 11222 11223 11226 11227 11228 11232 11236 11243 11247 11248 11251 11252 11253 11261 11262 11275 11278 11284 11287 11298 11299 11304 11317 11320 11321 11322 11331 11335 11350 11353 11361 11362 11365 11370 11384 11694 11699 11702 11705 11706 11708 11712 11717 11718 11719 11720 11722 11725 11726 11727 11731 11733 11736 11741 11742 11745 11747 11748 11749 11753 11756 11757 11759 11762 11763 11765 11766 11767 11768 11769 11770 11772 11773 11778 11779 11780 11782 11783 11785 11786 11787 11789 11790 11791 11794 11796 11799 11800 11801 11802 11803 11806 11807 11808 11809 11811 11813 11815 11816 11817 11818 11819 11820 11821 11823 11825 11826 11828 11829 11830 11831 11834 11835 11836 11837 11839 11840 11841 11842 11845 11847 11849 11850 11851 11852 11853 11854 11855 11857 11858 11859 11860 11862 11864 11867 11868 11869 11870 11871 11872 11873 11876 11877 11878 11879 11880 11883 11884 11886 11890 11891 11892 11893 11894 11895 11896 11897 11899 11902 11903 11904 11905 11907 11908 11909 11910 11913 11914 11917 11918 11920 11921 11922 11923 11925 11927 11928 11931 11932 11934 11936 11937 11940 11942 11943 11944 11945 11949 11950 11951 11952 11953 11954 11955 11957 11958 11959 11960 11964 11965 11966 11970 11971 11972 11975 11976 11977 11979 11980 11982 11983 11984 11988 11989 11992 11994 11995 11996 11997 11998 12001 12002 12003 12004 12006 12009 12010 12011 12013 12014 12016 12017 12018 12019 12021 12022 12024 12025 12026 12030 12031 12032 12038 12040 12041 12045 12046 12049 12054 12055 12056 12057 12061 12064 12067 12068 12072 12075 12076 12081 12082 12085 12088 12089 12091 12098 12101 12104 12107 12110 12111 12117 12121 12124 12127 12130 12136 12137 12138 12142 12145 12148 12153 12158 12159 12160 12161 12162 12164 12167 12169 12170 12178 12182 12183 12186 12187 12195 12196 12197 12207 12212 12213 12214 12215 12223 12224 12226 12230 12231 12232 12248 12249 12255 12256 12258 12260 12263 12268 12270 12281 12284 12290 12291 12297 12298 12314 12320 12323 12327 12336 12345 12353 12358 12364 12370 12377 12696 12704 12732 12737 12738 12749 12757 12761 12769 12774 12775 12776 12790 12798 12799 12805 12806 12816 12821 12822 12824 12827 12830 12831 12832 12838 12843 12848 12857 12860 12863 12864 12876 12879 12880 12881 12882 12884 12885 12891 12892 12893 12897 12900 12901 12903 12904 12906 12907 12908 12910 12911 12913 12914 12917 12918 12920 12921 12925 12926 12927 12933 12934 12938 12939 12940 12943 12945 12948 12949 12952 12954 12955 12960 12972 12973 12975 12976 12984 12986 12991 12995 12996 12997 12998 13009 13010 13013 13016 13017 13020 13025 13026 13027 13029 13030 13031 13041 13042 13047 13048 13049 13053 13056 13065 13066 13073 13078 13081 13082 13089 13093 13094 13100 13101 13107 13108 13109 13114 13122 13129 13130 13131 13137 13141 13142 13152 18738 18739 18805 18899 18930 19000 19004 19012 
	}
	naval_terrain=water_planets
	weather={
	}
}
