
strategic_region={
	id=10
	name="STRATEGICREGION_10"
	provinces={
		47 70 226 270 358 436 441 1260 1262 1263 1264 1266 1267 1269 1270 1272 1273 1274 1275 1277 1278 1283 1284 1287 1290 1292 1294 1295 1297 1303 1304 3228 3229 3231 3232 3233 3236 3237 3238 3239 3241 3243 3244 3503 3508 3515 3525 3528 3529 3531 3533 7635 7636 7638 7639 7643 7647 7648 7654 7656 7657 7660 7663 7669 7674 7675 7677 7678 7680 7685 7783 7784 7793 7798 7799 7811 7812 7823 7838 7843 7844 7850 7851 7865 7866 7873 7876 10425 11030 11031 11032 11033 11034 11035 
	}
	weather={
		period={
			between={ 0.0 30.11 }
			temperature={ -10.0 35.0 }
			no_phenomenon=1.500
			rain_light=0.250
			rain_heavy=0.100
			snow=0.000
			blizzard=0.000
			arctic_water=0.000
			mud=0.000
			sandstorm=0.000
			min_snow_level=0.000
		}
	}
}
