
strategic_region={
	id=10
	name="STRATEGICREGION_10"
	provinces={
		35 77 484 530 2743 2744 2745 2746 2747 2748 2749 2750 2751 2752 2753 2754 2755 2756 2757 2947 2948 2949 3387 3811 3834 4018 4036 4037 4038 4039 4040 4041 4042 4043 4044 4045 4046 4047 4048 4049 4050 4051 4052 4053 4054 4055 4115 4116 4118 4120 4124 4126 4128 4129 4131 4132 4136 4138 4141 4142 4143 4144 4145 4146 4153 4154 4156 4159 4162 4164 4167 4168 4170 4175 4176 4178 4183 4186 4187 4191 4194 11133 11134 11135 11136 11137 11138 11139 11140 11141 
	}
	naval_terrain=water_hyperlane
	weather={
		period={
			between={ 0.0 0.0 }
			temperature={ -10.0 35.0 }
			no_phenomenon=1.500
			rain_light=0.250
			rain_heavy=0.100
			snow=0.000
			blizzard=0.000
			arctic_water=0.000
			mud=0.000
			sandstorm=0.000
			min_snow_level=0.000
		}
	}
}
