strategic_region={
	id=103
	name="STRATEGICREGION_103"
	provinces={
		191 709 784 865 887 1184 1750 1905 2480 3044 3354 3493 3585 3780 4306 4319 4440 4464 4641 4930 6162 13261 13262 13274 13287 13292 13315 13322 13343 13344 13354 13358 13361 13365 13378 13387 13388 13394 13398 13402 13419 13423 13431 13457 13467 13484 13502 13506 13514 13521 13529 13545 13550 13560 13564 13571 13597 13638 13642 13649 
	}
	weather={
		period={
			between={ 0.0 30.11 }
			temperature={ -10.0 35.0 }
			no_phenomenon=1.500
			rain_light=0.250
			rain_heavy=0.100
			snow=0.000
			blizzard=0.000
			arctic_water=0.000
			mud=0.000
			sandstorm=0.000
			min_snow_level=0.000
		}
	}
}
