
strategic_region={
	id=109
	name="STRATEGICREGION_109"
	provinces={
		14 23 33 84 156 182 188 269 333 353 372 406 418 420 442 450 491 496 514 1658 1659 1664 1665 1668 1671 1673 1674 1676 1677 1678 1679 1680 1681 1682 1685 1686 1687 1711 1712 1715 1716 1718 1722 1730 1731 1736 1738 1739 1740 1741 1742 1746 1747 1748 1749 1751 1752 1754 1755 1756 1758 1759 1760 1761 1762 1764 1765 1766 1767 1768 1769 1771 1772 1773 1774 1775 1776 1777 1778 1779 1780 1781 1782 1783 1784 1785 1786 1787 1788 1789 1790 1792 1795 1796 1800 1806 1807 1814 1815 3139 3140 3143 3144 3145 3146 3147 3148 3149 3150 3153 3154 3156 3157 3160 3161 3162 3164 3171 3172 3175 3475 3476 3480 
	}
	weather={
		period={
			between={ 0.0 30.11 }
			temperature={ -10.0 35.0 }
			temperature_day_night={ 2.0 -2.0 }
			no_phenomenon=1.500
			rain_light=0.250
			rain_heavy=0.100
			snow=0.000
			blizzard=0.000
			arctic_water=0.000
			mud=0.000
			sandstorm=0.000
			min_snow_level=0.000
		}
	}
}
