
strategic_region={
	id=11
	name="STRATEGICREGION_11"
	provinces={
		13 48 106 239 243 390 428 435 446 556 570 588 604 630 666 807 824 838 853 904 911 958 1038 1107 1193 1200 1256 1309 1350 1371 1433 1458 1481 1486 1516 1525 1560 1566 1971 1986 2062 2143 2167 2171 2265 2357 2452 2493 2496 2509 2544 2604 2679 2682 2704 2725 2837 2843 2871 2904 2936 2970 2976 2983 3003 3161 3171 3221 3293 3333 3389 3486 3495 3564 3566 3581 3588 3595 3601 3725 3769 3866 3890 3988 4052 4072 4074 4099 4118 4127 4231 4268 4366 4378 4488 4491 4504 4530 4545 4552 4561 4566 4657 4729 4796 4821 4860 4872 4990 5028 5049 5087 5317 5346 5364 5377 5410 5457 5523 5566 5625 5673 5679 5756 5773 5778 5855 5858 5886 5945 5971 6060 6264 11229 11231 11235 11242 11246 11259 11260 11267 11268 11271 11274 11277 11283 11286 11291 11293 11296 11297 11301 11302 11303 11307 11308 11311 11312 11315 11316 11319 11325 11326 11327 11334 11339 11340 11341 11344 11345 11346 11347 11348 11349 11352 11357 11359 11360 11368 11369 11373 11374 11375 11376 11377 11378 11381 11382 11387 11388 11389 11392 11393 11396 11397 11398 11400 11402 11403 11404 11406 11407 11410 11414 11415 11416 11418 11419 11420 11421 11422 11423 11427 11430 11431 11432 11435 11436 11437 11438 11439 11440 11441 11443 11444 11445 11446 11447 11451 11452 11456 11457 11462 11463 11464 11465 11466 11467 11468 11469 11470 11471 11472 11474 11477 11478 11481 11482 11485 11487 11488 11489 11490 11491 11493 11494 11497 11500 11501 11505 11506 11507 11508 11510 11511 11512 11513 11516 11517 11518 11521 11522 11523 11524 11528 11529 11530 11531 11532 11534 11535 11536 11537 11538 11539 11540 11541 11544 11545 11546 11547 11549 11550 11551 11552 11553 11555 11559 11560 11561 11562 11563 11564 11565 11566 11567 11568 11569 11570 11572 11574 11575 11576 11579 11580 11581 11584 11585 11586 11587 11588 11589 11590 11591 11592 11593 11594 11595 11596 11597 11598 11599 11600 11601 11602 11603 11604 11605 11606 11607 11608 11609 11610 11611 11612 11613 11614 11615 11616 11617 11618 11619 11620 11621 11622 11623 11624 11625 11626 11627 11628 11629 11630 11631 11632 11633 11634 11635 11636 11637 11638 11640 11641 11642 11643 11647 11648 11649 11650 11652 11654 11655 11656 11657 11658 11661 11663 11664 11667 11668 11671 11672 11673 11676 11681 11682 11684 11685 11686 11687 11690 11697 11698 11701 11707 11714 18725 18803 18898 
	}
	naval_terrain=water_planets
	weather={
	}
}
