
strategic_region={
	id=11
	name="STRATEGICREGION_11"
	provinces={
		1 24 28 83 96 107 119 125 143 160 174 251 267 273 277 298 303 318 319 340 377 381 382 383 395 404 411 446 476 485 498 502 511 531 532 548 558 742 744 748 751 752 754 758 759 760 761 767 768 772 786 787 791 793 794 799 800 804 805 806 807 811 812 815 831 832 833 834 835 836 837 838 839 841 842 846 847 854 855 856 857 858 859 860 861 862 863 864 865 866 867 868 869 870 871 872 873 874 875 876 877 878 879 880 881 882 883 884 959 962 964 965 966 967 968 969 970 971 972 973 974 975 976 977 978 979 980 981 982 983 984 985 986 987 988 989 992 993 996 997 999 1003 1006 1008 1009 1015 1018 1019 1020 1025 1028 1029 3292 3293 3297 3298 3299 3300 3301 3302 3303 3306 3320 3321 3322 3323 3324 3325 3328 3329 3332 3334 3335 3339 3343 3344 3348 4007 
	}
	weather={
	}
}
