
strategic_region={
	id=11
	name="STRATEGICREGION_11"
	provinces={
		197 367 379 416 423 427 2723 2724 2725 2726 2727 2728 2730 2731 2732 2734 2738 2953 2954 2955 3389 3403 3823 3827 3828 4203 4204 4205 4208 4209 4212 4213 4214 4216 4219 4220 4224 4225 4227 4232 4233 4237 4238 4245 4246 4314 4315 4316 4318 4324 4325 4327 4329 4331 4335 4338 4339 4340 4341 4344 4348 4349 4350 4355 4382 4383 4384 4389 4390 4391 4392 4394 4396 4397 4398 4399 4400 4401 4402 4403 4404 4405 4406 4407 4408 4422 4423 4425 4429 4430 4433 4434 4435 4437 4438 4439 4440 4441 4442 4443 4444 4445 4446 4447 4483 4484 4486 4489 4497 4500 4501 4502 4505 4506 4510 4511 4514 4515 4516 4517 4518 4519 4607 4608 4609 4620 4626 4632 4639 4640 4641 4643 4645 4646 4649 4652 4653 4656 4657 4659 4660 4661 4663 4664 4666 4668 4669 4670 4671 4675 4676 4678 4684 4685 4690 4707 4708 4716 4717 4719 4723 4724 4728 4729 4730 4733 4734 4735 4741 4742 4746 4749 4751 4752 4754 4758 4759 4760 4763 4766 4767 4769 4771 4772 4773 4775 4776 4778 4779 4780 4781 4783 4784 4788 4790 4811 4812 4813 4818 4820 4828 4829 4830 4831 4837 4841 4845 4848 4849 4852 4855 4859 4862 4864 4865 4866 4872 4876 4880 4887 4888 4894 4899 4906 4907 4919 4920 4927 4941 4951 4952 4962 10355 10360 10365 11142 11143 11144 11148 11149 11150 11151 11152 11153 11154 11155 11156 11157 11158 11159 11160 11161 11162 11163 11164 11165 11166 11167 11168 11169 11172 11174 11175 11177 
	}
	naval_terrain=water_hyperlane
	weather={
		period={
			between={ 0.0 0.0 }
			temperature={ -10.0 35.0 }
			no_phenomenon=1.500
			rain_light=0.250
			rain_heavy=0.100
			snow=0.000
			blizzard=0.000
			arctic_water=0.000
			mud=0.000
			sandstorm=0.000
			min_snow_level=0.000
		}
	}
}
