strategic_region={
	id=110
	name="STRATEGICREGION_110"
	provinces={
		11 233 254 513 795 871 953 1300 1369 1492 1595 1668 1683 1740 1795 1815 1966 2006 2035 2078 2278 2475 2503 2668 2738 2840 3063 3282 3334 3369 3443 3458 3530 3548 4062 4180 4220 4256 4367 4381 4392 4461 4546 4563 4582 4799 4948 5259 5278 5558 5610 5643 5646 5675 5739 5859 6073 6095 6174 6180 6230 6250 6256 6265 14855 14856 14862 14868 14889 14890 14901 14908 14909 14914 14923 14934 14935 14936 14943 14944 14955 14959 14962 14963 14966 14967 14968 14973 14990 14991 14996 14997 15012 15013 15021 15024 15030 15039 15040 15041 15052 15065 15068 15072 15077 15098 15105 15106 15113 15114 15115 15118 15124 15133 15134 15141 15149 15152 15160 15161 15162 15165 15171 15172 15178 15189 15200 15204 15205 15210 15221 15226 15232 15233 15245 15246 15257 15258 15259 15271 15272 15281 15282 15300 15301 15310 15311 15312 15323 15324 15325 15328 15329 15338 15349 15355 15364 15365 15371 15375 15386 15387 15398 15405 15406 15413 15415 15416 15417 15422 15427 15428 15433 15442 15450 15454 15455 15458 15459 15472 15473 15485 15486 15491 15495 15496 15501 15508 15509 15523 15524 15530 15540 15541 15552 15553 15564 15565 15571 15575 15579 15588 15594 15605 15608 15619 15623 
	}
	weather={
		period={
			between={ 0.0 30.11 }
			temperature={ -10.0 35.0 }
			no_phenomenon=1.500
			rain_light=0.250
			rain_heavy=0.100
			snow=0.000
			blizzard=0.000
			arctic_water=0.000
			mud=0.000
			sandstorm=0.000
			min_snow_level=0.000
		}
	}
}
