strategic_region={
	id=117
	name="STRATEGICREGION_117"
	provinces={
		730 1302 1327 1332 1624 1810 1817 1851 2024 2123 3013 3195 3488 3728 3742 3765 3833 4211 4230 5226 5515 6030 6222 16591 16592 16595 16596 16606 16607 16611 16621 16623 16624 16637 16638 16639 16646 16654 16658 16663 16676 16680 16696 16702 16715 16719 16721 16734 16735 16744 16747 16752 16755 16762 16776 16787 16794 16799 16817 16833 
	}
	weather={
		period={
			between={ 0.0 30.11 }
			temperature={ -10.0 35.0 }
			no_phenomenon=1.500
			rain_light=0.250
			rain_heavy=0.100
			snow=0.000
			blizzard=0.000
			arctic_water=0.000
			mud=0.000
			sandstorm=0.000
			min_snow_level=0.000
		}
	}
}
