
strategic_region={
	id=12
	name="STRATEGICREGION_12"
	provinces={
		73 171 191 327 397 454 457 499 544 2532 2535 2543 2547 2548 2552 2560 2563 2564 2568 2573 2576 2579 2584 2587 2593 2594 2595 2596 2597 2598 2599 2600 2601 2602 2603 2604 2605 2980 2981 2982 2985 2986 2995 3402 3404 3406 3408 3409 3421 3426 3642 3802 3815 5154 5155 5161 5165 5166 5172 5174 5183 5184 5185 5187 5189 5190 5191 5192 5193 5194 5195 5196 5197 5198 5199 5200 5201 5207 5208 5213 5214 5215 5216 5218 5222 5226 5233 5235 5236 5239 5243 5245 5246 5247 5253 5258 5270 5273 5274 5590 5591 5592 5593 5597 5603 5604 5606 5607 5617 5620 5621 5623 5624 5627 5635 5637 5639 5689 5690 5693 5694 5695 5696 5697 5700 5701 5703 5705 5707 5709 5711 5715 5720 5721 5724 11115 11117 11118 11182 11183 11184 11185 11189 11190 11194 11196 11197 11201 11202 11203 
	}
	naval_terrain=water_hyperlane
	weather={
		period={
			between={ 0.0 0.0 }
			temperature={ -10.0 35.0 }
			no_phenomenon=1.500
			rain_light=0.250
			rain_heavy=0.100
			snow=0.000
			blizzard=0.000
			arctic_water=0.000
			mud=0.000
			sandstorm=0.000
			min_snow_level=0.000
		}
	}
}
