
strategic_region={
	id=12
	name="STRATEGICREGION_12"
	provinces={
		2 51 322 990 991 994 995 998 1000 1004 1005 1007 1012 1013 1017 1027 1031 1033 1035 3291 3295 3296 3546 3552 3553 3882 8857 8858 8863 8866 8867 8868 8875 8882 8883 8886 8892 8895 8898 8906 8907 8908 8915 8926 8927 9466 9467 9470 9475 9481 9482 9486 9492 9493 9496 9497 9498 9504 9505 9514 9515 9521 9524 9531 9532 9590 9591 9592 9596 9598 9599 9600 9602 9604 9607 9608 9609 9610 9613 9614 9617 9618 9620 9621 9623 9624 9625 9626 9627 9628 9629 9630 9631 9635 9638 9640 9644 9645 9647 9653 9658 9659 9661 10364 10551 10552 10556 10566 10567 10568 10569 10570 10571 10572 10573 
	}
	weather={
		period={
			between={ 0.0 30.11 }
			temperature={ -10.0 35.0 }
			no_phenomenon=1.500
			rain_light=0.250
			rain_heavy=0.100
			snow=0.000
			blizzard=0.000
			arctic_water=0.000
			mud=0.000
			sandstorm=0.000
			min_snow_level=0.000
		}
	}
}
