
strategic_region={
	id=12
	name="STRATEGICREGION_12"
	provinces={
		2 41 61 71 103 105 120 156 179 187 198 224 229 261 271 277 285 414 422 447 450 473 487 500 509 525 538 553 571 579 601 620 622 624 633 654 659 661 688 707 712 717 718 721 744 757 760 776 777 826 829 831 832 847 922 949 969 1013 1018 1023 1033 1034 1052 1055 1066 1073 1097 1110 1111 1130 1160 1162 1164 1202 1234 1269 1270 1282 1290 1295 1311 1341 1378 1389 1403 1434 1440 1456 1466 1489 1530 1532 1549 1557 1571 1585 1603 1617 1619 1628 1644 1647 1658 1680 1695 1705 1717 1718 1732 1741 1755 1764 1779 1786 1791 1819 1834 1845 1848 1888 1896 1929 1944 1953 1955 1961 1964 1979 2002 2042 2048 2067 2068 2083 2096 2100 2184 2185 2192 2212 2217 2235 2250 2253 2258 2270 2282 2289 2291 2302 2313 2330 2344 2349 2360 2369 2390 2395 2401 2406 2419 2441 2463 2536 2547 2550 2553 2554 2555 2571 2578 2582 2584 2589 2590 2603 2616 2654 2664 2667 2671 2685 2695 2751 2765 2791 2805 2834 2844 2875 2876 2896 2912 2918 2937 2943 2956 2962 2972 2977 3018 3022 3026 3029 3049 3054 3064 3069 3076 3081 3135 3149 3159 3228 3245 3250 3256 3259 3261 3269 3277 3290 3301 3313 3318 3344 3347 3348 3357 3425 3428 3455 3462 3467 3476 3483 3490 3499 3506 3523 3531 3593 3662 3692 3790 3808 3815 3827 3851 3883 3891 3894 3912 3926 3936 3943 3953 3967 3974 3979 3985 3990 3992 4048 4094 4139 4146 4147 4166 4168 4181 4193 4194 4196 4243 4278 4279 4308 4348 4361 4362 4369 4382 4410 4411 4413 4433 4479 4510 4518 4526 4537 4541 4571 4591 4625 4659 4679 4719 4733 4753 4783 4814 4849 4857 4867 4877 4891 4902 4904 4916 4931 4968 4978 4984 5008 5038 5059 5063 5075 5084 5093 5124 5139 5143 5162 5210 5236 5240 5241 5271 5277 5282 5341 5353 5371 5379 5382 5416 5418 5445 5467 5482 5485 5520 5526 5527 5543 5554 5580 5603 5627 5649 5652 5657 5677 5706 5742 5748 5762 5767 5822 5824 5845 5847 5851 5868 5870 5871 5893 5921 5935 5937 5967 5989 6020 6046 6077 6080 6114 6115 6150 6154 6170 6171 6185 6186 6200 6221 6261 9110 9115 9118 9121 9125 9133 9137 9141 9148 9150 9160 9162 9165 9170 9175 9176 9177 9181 9182 9185 9186 9193 9199 9204 9205 9206 9210 9216 9217 9235 9236 9238 9240 9242 9243 9252 9254 9263 9268 9273 9274 9276 9283 9286 9288 9289 9290 9293 9294 9295 9298 9299 9300 9302 9308 9309 9312 9313 9314 9315 9316 9324 9325 9326 9328 9334 9338 9339 9343 9347 9348 9355 9356 9366 9367 9368 9380 9384 9385 9396 9397 9398 9400 9401 9414 9418 9424 9425 9437 9440 9449 9450 9458 9465 9473 9474 9484 9489 9490 9498 9510 9520 9523 9524 9525 9531 9541 9546 9555 9556 9561 9562 9565 9572 9573 9574 9586 9596 9597 9605 9611 9612 9624 9629 9630 9633 9641 9646 9663 9664 9699 9702 9706 9709 9716 9717 9720 9721 9725 9726 9727 9730 9733 9734 9739 9740 9741 9742 9745 9746 9748 9752 9753 9754 9755 9758 9759 9762 9763 9764 9765 9766 9771 9774 9775 9783 9784 9785 9786 9788 9790 9794 9795 9798 9801 9803 9807 9811 9817 9818 9819 9820 9821 9824 9825 9826 9827 9831 9832 9833 9834 9835 9838 9839 9843 9844 9845 9847 9848 9849 9853 9854 9855 9856 9859 9860 9861 9862 9863 9864 9866 9869 9870 9871 9874 9877 9878 9879 9880 9882 9883 9884 9888 9889 9890 9895 9898 9900 9901 9902 9903 9912 9913 9914 9916 9918 9922 9923 9924 9925 9929 9930 9931 9934 9935 9937 9938 9941 9942 9946 9947 9950 9951 9952 9958 9959 9960 9964 9965 9966 9967 9968 9969 9972 9973 9976 9981 9982 9983 9988 9989 9990 9994 9995 9996 9997 10000 10001 10004 10008 10009 10011 10012 10013 10019 10024 10025 10026 10027 10032 10038 10039 10042 10044 10046 10047 10051 10052 10053 10054 10055 10056 10059 10060 10061 10063 10064 10067 10069 10074 10077 10078 10079 10080 10081 10087 10088 10091 10092 10093 10096 10097 10101 10106 10110 10115 10116 10117 10123 10124 10125 10126 10130 10131 10132 10137 10147 10148 10150 10151 10152 10153 10154 10161 10162 10163 10164 10169 10170 10171 10179 10180 10189 10190 10191 10197 10201 10202 10203 10204 10205 10206 10218 10225 10233 10234 10240 10244 10247 10248 10249 10250 10255 10256 10257 10260 10261 10269 10270 10271 10284 10288 10293 10294 10298 10312 10313 10319 10327 10328 10329 10337 10340 10349 10350 10357 10361 10367 10373 10378 10385 10386 10389 10397 10398 10399 10406 10415 10421 10435 10436 10441 10446 10450 10458 10459 10463 10464 10470 10477 10478 10487 10492 10498 10499 10501 10509 10510 10517 10518 10527 10528 10529 10530 10535 10538 10539 10547 10548 10562 10563 10569 10570 10571 10575 10579 10584 10591 10592 10598 10599 10600 10604 10605 10606 10608 10615 10619 10620 10621 10627 10628 10636 10637 10640 10641 10642 10646 10647 10648 10652 10653 10658 10661 10662 10663 10667 10672 10673 10674 10680 10694 10698 10699 10705 10710 10711 10712 10713 10718 10721 10722 10723 10727 10728 10729 10730 10731 10736 10739 10740 10741 10743 10744 10746 10749 10750 10751 10752 10753 10756 10757 10764 10765 10766 10773 10774 10775 10776 10780 10781 10783 10786 10788 10795 10796 10797 10803 10804 10807 10811 10812 10813 10818 10825 10826 10827 10828 10829 10830 10836 10838 10839 10840 10841 10844 10845 10846 10852 10853 10857 10858 10859 10863 10865 10866 10869 10870 10872 10877 10878 10879 10880 10881 10884 10885 10886 10887 10888 10889 10891 10892 10893 10894 10897 10898 10900 10902 10903 10904 10905 10908 10909 10911 10913 10914 10915 10916 10918 10919 10920 10921 10923 10924 10925 10926 10927 10928 10929 10930 10931 10932 10933 10934 10935 10936 10937 10938 10939 10940 10941 10942 10943 10944 10945 10946 10947 10948 10949 10950 10951 10952 10953 10954 10955 10956 10957 10958 10959 10962 10963 10964 10965 10966 10967 10969 10971 10972 10973 10975 10978 10979 10980 10983 10985 10986 10987 10992 10993 10994 10995 10996 11000 11003 11004 11005 11011 11016 11020 11021 11022 11023 11024 11031 11034 11043 11045 11046 11055 11060 11065 11066 18742 18761 18771 18863 18870 18920 18926 18944 18975 19008 19011 
	}
	naval_terrain=water_planets
	weather={
	}
}
