strategic_region={
	id=123
	name="STRATEGICREGION_123"
	provinces={
		893 1292 1308 1501 1621 2322 2852 3371 3529 3749 4004 4223 4347 4744 4787 4808 5912 6058 6134 13059 13060 13067 13068 13077 13083 13090 13095 13102 13116 13117 13123 13128 13138 13143 13144 13148 13149 13155 13157 13160 13161 13164 13166 13167 13170 13172 13173 13177 13179 13180 13181 13182 13187 13188 13190 13196 13201 13207 13208 13222 13223 13224 13233 13243 
	}
	weather={
		period={
			between={ 0.0 30.11 }
			temperature={ -10.0 35.0 }
			no_phenomenon=1.500
			rain_light=0.250
			rain_heavy=0.100
			snow=0.000
			blizzard=0.000
			arctic_water=0.000
			mud=0.000
			sandstorm=0.000
			min_snow_level=0.000
		}
	}
}
