strategic_region={
	id=124
	name="STRATEGICREGION_124"
	provinces={
		130 158 161 218 219 593 627 716 844 1441 1482 1540 1604 1723 1735 1782 1799 1825 2089 2261 2501 2505 2516 2859 2916 2993 3007 3156 3179 3294 3314 3372 3667 3670 3737 3874 3999 4071 4102 4103 4151 4155 4239 4282 4285 4297 4333 4437 4589 4967 4974 5374 5390 5462 5553 5563 5582 5680 5729 5872 5923 5982 6209 13183 13184 13186 13195 13198 13200 13204 13206 13210 13214 13218 13219 13220 13221 13228 13232 13239 13240 13246 13250 13251 13263 13264 13268 13275 13280 13293 13294 13297 13298 13299 13300 13306 13319 13323 13324 13325 13329 13330 13331 13332 13333 13345 13352 13359 13362 13366 13367 13368 13369 13370 13373 13374 13381 13395 13400 13401 13404 13411 13412 13413 13420 13425 13432 13442 13443 13444 13450 13451 13452 13459 13462 13463 13468 13473 13486 13488 13489 13490 13496 13497 13510 13516 13517 13530 13534 13535 13547 13548 13549 13556 13561 13568 13580 13581 13582 13593 13599 13603 13606 13607 13614 13615 13620 13621 13622 13632 13640 13641 13643 13644 13647 13652 13656 13662 13665 13670 13673 13674 13680 13681 13686 13694 13695 13704 13708 13713 13723 13724 13725 13733 13734 13748 13758 13761 13762 13766 13788 13795 13801 13811 13812 
	}
	weather={
		period={
			between={ 0.0 30.11 }
			temperature={ -10.0 35.0 }
			no_phenomenon=1.500
			rain_light=0.250
			rain_heavy=0.100
			snow=0.000
			blizzard=0.000
			arctic_water=0.000
			mud=0.000
			sandstorm=0.000
			min_snow_level=0.000
		}
	}
}
