
strategic_region={
	id=13
	name="STRATEGICREGION_13"
	provinces={
		25 30 41 62 98 145 166 177 183 217 232 248 292 296 316 321 341 345 349 359 432 440 452 465 478 487 494 506 519 522 551 559 1457 1459 1460 1466 1467 1468 1473 1474 1476 1477 1481 1485 1490 1491 1496 1555 1559 1566 1569 1572 1580 1582 1584 1588 1591 1592 1593 1596 1597 1599 1600 1601 1602 1606 1607 1608 1610 1611 1614 1616 1620 1621 1623 1624 1625 1629 1631 1632 1633 1634 1636 1639 1642 1643 1644 1645 1651 1652 1655 1663 1683 1684 1688 1691 1692 1693 1695 1698 1699 1700 1702 1703 1704 1706 1707 1708 1709 1710 1713 1714 1717 1719 1720 1721 1723 1726 1727 1732 1735 1737 1791 1793 1794 1799 1801 1802 1803 1809 1811 1812 1813 1821 1822 1823 1829 1872 1873 1881 1886 1894 1895 1899 1903 1909 1910 1911 1922 1928 1933 1934 1943 1948 3118 3122 3124 3137 3138 3142 3158 3159 3163 3165 3166 3170 3176 3177 3180 3181 3183 3184 3187 3188 3189 3190 3194 3195 3204 3205 3207 3208 3481 3487 3491 
	}
	weather={
	}
}
