
strategic_region={
	id=13
	name="STRATEGICREGION_13"
	provinces={
		10 25 63 70 79 96 125 223 263 308 351 358 365 432 468 503 515 585 664 710 751 790 823 830 842 1003 1072 1151 1177 1263 1268 1297 1339 1459 1471 1506 1520 1592 1701 1749 1820 1840 1931 1936 1968 1997 2009 2011 2025 2055 2057 2213 2279 2296 2316 2430 2482 2486 2527 2615 2661 2698 2743 2775 2853 2881 2935 3055 3057 3088 3145 3169 3175 3255 3268 3298 3320 3323 3341 3353 3406 3420 3447 3465 3635 3674 3678 3705 3713 3775 3798 3922 3940 3998 4020 4035 4061 4079 4137 4224 4238 4266 4280 4289 4299 4304 4320 4327 4345 4355 4452 4648 4691 4697 4782 4841 4951 4972 5009 5050 5160 5189 5200 5288 5312 5314 5332 5369 5375 5376 5391 5533 5560 5562 5583 5808 5940 6004 8763 8764 8771 8772 8783 8790 8792 8798 8805 8812 8816 8823 8827 8835 8843 8845 8855 8856 8866 8867 8875 8878 8879 8880 8884 8887 8893 8894 8895 8906 8910 8911 8912 8916 8917 8926 8927 8928 8931 8944 8948 8949 8950 8961 8966 8970 8977 8978 8990 8993 8995 8996 9004 9011 9017 9021 9023 9027 9029 9030 9031 9039 9042 9043 9048 9050 9051 9055 9058 9063 9067 9069 9070 9071 9073 9079 9082 9083 9084 9087 9088 9089 9090 9094 9098 9104 9107 9108 9109 9114 9116 9117 9123 9124 9131 9132 9135 9136 9139 9140 9147 9158 9161 9164 9168 9169 9173 9187 9190 9196 9197 9200 9207 9208 9221 9222 9225 9226 9228 9229 9230 9239 9244 9249 9250 9258 9264 9267 9269 9279 9280 9287 9291 9297 11119 11120 11124 11128 11129 11140 11147 11154 11156 11162 11169 11174 11176 11177 11191 11194 11195 11196 11201 11202 11206 11211 11216 11219 11220 11225 11233 11234 11240 11241 11250 11256 11258 11265 11266 11270 11273 11281 11282 11285 11290 11295 11300 11306 11314 11318 11324 11329 11330 11333 11336 11337 11338 11354 11355 11356 11358 11363 11364 11367 11372 11380 11383 11386 11390 11391 11395 11399 11405 11408 11409 11411 11412 11413 11417 11424 11425 11426 11428 11429 11433 11434 11442 11448 11449 11450 11453 11454 11455 11458 11459 11460 11461 11473 11475 11476 11479 11480 11483 11484 11486 11492 11495 11496 11498 11499 11502 11503 11504 11509 11514 11515 11519 11520 11525 11526 11527 11533 11542 11543 11548 11554 11556 11557 11558 11571 11573 11577 11578 11582 11583 18698 18747 18793 18875 18878 18937 18962 
	}
	naval_terrain=water_planets
	weather={
		period={
			between={ 0.0 0.0 }
			temperature={ -10.0 35.0 }
			no_phenomenon=1.500
			rain_light=0.250
			rain_heavy=0.100
			snow=0.000
			blizzard=0.000
			arctic_water=0.000
			mud=0.000
			sandstorm=0.000
			min_snow_level=0.000
		}
	}
}
