
strategic_region={
	id=13
	name="STRATEGICREGION_13"
	provinces={
		133 135 146 227 235 242 284 287 320 329 370 394 410 453 472 492 524 547 2060 2061 2063 2064 2066 2068 2070 2071 2072 2074 2076 2077 2080 2081 2082 2083 2084 2085 2112 2115 2116 2117 2118 2119 2122 2123 2125 2127 2128 2130 2131 2132 2134 2154 2155 2158 2163 2164 2165 2167 2168 2169 2173 2174 2175 2178 2181 2182 2184 2185 2186 2187 2189 2191 2192 2193 2194 2195 2196 2236 2241 2242 2243 2249 2250 2251 2254 2255 2256 2258 2259 2260 3044 3045 3048 3056 3057 3059 3060 3061 3064 3070 3071 3073 3074 3075 3078 3083 3084 3086 3430 3434 3436 3440 3442 3447 3449 3454 5824 5825 5826 5832 5833 5837 5838 5841 5842 5846 5850 5851 5852 5854 5857 5861 5862 5863 5864 5870 5871 5873 5878 5883 5884 5885 5889 5890 5895 5900 5901 5903 5904 5906 5910 5911 5915 5916 5917 5918 5919 5920 5921 5922 5926 5927 5929 5933 5934 5935 5936 5937 5938 5944 5945 5946 5947 5950 5951 5957 5958 5965 5966 5969 5971 5976 5979 5984 5985 5994 5998 5999 6136 6137 6138 6140 6141 6142 6147 6149 6153 6154 6158 6159 6160 6162 6165 6167 6169 6170 6171 6173 6175 6176 6178 6179 6180 6182 6184 6185 6188 6189 6190 6192 6193 6196 6199 6201 6204 6205 10737 10865 10866 10868 10869 10891 10892 10893 10894 10895 10896 10897 10898 10901 
	}
	weather={
		period={
			between={ 0.0 0.0 }
			temperature={ -10.0 35.0 }
			no_phenomenon=1.500
			rain_light=0.250
			rain_heavy=0.100
			snow=0.000
			blizzard=0.000
			arctic_water=0.000
			mud=0.000
			sandstorm=0.000
			min_snow_level=0.000
		}
	}
}
