strategic_region={
	id=130
	name="STRATEGICREGION_130"
	provinces={
		54 80 110 113 257 493 539 915 1330 1348 1507 1531 1643 1672 1725 2101 2102 2325 2334 2364 2402 2420 2450 2500 2629 2645 2663 3036 3209 3232 3248 3273 3295 3450 3471 3479 3508 3586 3991 4060 4108 4335 4371 4377 4404 4454 4497 4651 4943 4985 5110 5152 5248 5373 5463 5471 5559 5573 5619 5631 5727 5753 5842 5977 6099 6101 6232 6246 14793 14794 14798 14801 14805 14809 14813 14814 14818 14819 14820 14827 14828 14829 14830 14831 14832 14834 14835 14842 14844 14846 14847 14849 14852 14854 14860 14861 14863 14864 14866 14873 14876 14877 14881 14882 14886 14887 14888 14895 14899 14906 14911 14912 14915 14916 14917 14926 14927 14929 14930 14933 14938 14939 14948 14949 14952 14953 14975 14976 14977 14987 14988 14992 14993 14998 14999 15006 15007 15015 15016 15017 15018 15023 15025 15044 15045 15046 15053 15054 15055 15056 15075 15087 15088 15092 15093 15099 15116 15126 15135 15136 15137 15138 15144 15145 15151 15153 15154 15164 15180 15181 15182 15192 15213 15222 15227 15234 15235 15236 15248 15249 15253 15260 15267 15273 15275 15295 15296 15305 15313 15314 15350 15351 15356 15379 15388 15399 15400 15401 15402 15443 15444 
	}
	weather={
		period={
			between={ 0.0 30.11 }
			temperature={ -10.0 35.0 }
			no_phenomenon=1.500
			rain_light=0.250
			rain_heavy=0.100
			snow=0.000
			blizzard=0.000
			arctic_water=0.000
			mud=0.000
			sandstorm=0.000
			min_snow_level=0.000
		}
	}
}
