strategic_region={
	id=131
	name="STRATEGICREGION_131"
	provinces={
		160 205 282 305 424 448 736 785 942 994 1028 1215 1324 1426 1858 1875 2030 2125 2255 2319 2436 2443 2532 2561 2620 2770 2826 2864 2909 2930 3051 3100 3114 3453 3568 3591 3604 3640 3716 3857 3997 4014 4274 4380 4828 4878 4958 4965 5069 5118 5328 5337 5398 5504 5534 5584 5626 5676 5687 6013 6024 6178 15026 15027 15034 15047 15048 15066 15070 15079 15080 15094 15095 15096 15100 15107 15127 15128 15129 15139 15146 15155 15183 15193 15194 15214 15228 15237 15238 15239 15240 15243 15250 15251 15261 15262 15276 15277 15278 15283 15284 15285 15297 15298 15306 15315 15316 15317 15333 15334 15339 15340 15357 15358 15366 15376 15380 15389 15390 15391 15403 15407 15414 15418 15419 15429 15430 15438 15439 15445 15446 15456 15457 15460 15461 15462 15466 15467 15474 15481 15487 15492 15502 15504 15510 15511 15512 15531 15535 15536 15537 15546 15554 15566 15567 15572 15576 15582 15595 15596 15599 15606 15609 15610 15611 15612 15620 15624 15627 15628 15629 15634 15635 15638 15639 15640 15641 15645 15646 15653 15654 15656 15659 15660 15661 15663 15664 15669 15670 15675 15679 15688 15689 15692 15695 15701 15705 15708 15709 15714 15719 15726 
	}
	weather={
		period={
			between={ 0.0 30.11 }
			temperature={ -10.0 35.0 }
			no_phenomenon=1.500
			rain_light=0.250
			rain_heavy=0.100
			snow=0.000
			blizzard=0.000
			arctic_water=0.000
			mud=0.000
			sandstorm=0.000
			min_snow_level=0.000
		}
	}
}
