strategic_region={
	id=139
	name="STRATEGICREGION_139"
	provinces={
		397 938 961 1703 2745 3011 3253 3271 3516 3628 4179 4203 4249 4442 4528 4774 5107 5222 6088 6094 6165 17770 17774 17778 17784 17787 17791 17792 17802 17803 17813 17816 17817 17824 17832 17836 17839 17845 17852 17853 17855 17858 17862 17863 17867 17868 17871 17872 17875 17876 17878 17882 17883 17884 17885 17886 17887 17888 17889 17890 17891 17893 17896 17899 17900 
	}
	weather={
		period={
			between={ 0.0 30.11 }
			temperature={ -10.0 35.0 }
			no_phenomenon=1.500
			rain_light=0.250
			rain_heavy=0.100
			snow=0.000
			blizzard=0.000
			arctic_water=0.000
			mud=0.000
			sandstorm=0.000
			min_snow_level=0.000
		}
	}
}
