
strategic_region={
	id=14
	name="STRATEGICREGION_14"
	provinces={
		57 69 259 264 316 341 345 389 490 1872 1873 1876 1878 1881 1884 1886 1887 1891 1894 1895 1896 1898 1899 1900 1903 1905 1906 1909 1910 1911 1914 1916 1919 1922 1923 1928 1929 1933 1934 1936 1939 1943 1944 1948 1949 2035 2036 2039 2040 2041 2042 2044 2045 2046 2047 2048 2049 2050 2052 2053 2056 3088 3089 3091 3116 3117 3118 3122 3124 3128 3455 3459 3460 3839 3841 5948 5949 5952 5953 5959 5967 5972 5973 5977 5980 5981 5987 5990 5995 5996 6000 6001 6002 6003 6008 6012 6013 6125 6126 6127 6128 6129 6130 6131 6132 6133 6134 6135 6139 6143 6144 6145 6146 6148 6155 6161 6217 6218 6219 6235 6236 6237 6242 6253 6254 6255 6256 6260 6261 6262 6272 6276 6277 6283 6284 6285 6287 6288 6292 6298 6299 6304 6305 6311 6312 6316 6319 6320 6321 6322 6327 6330 6336 6338 6339 6341 6344 6346 6348 6352 6353 6354 6360 6363 6364 6366 6370 6378 6428 6429 6431 6432 6443 6444 6445 6451 6452 6456 6457 6461 6471 6472 6473 6479 6487 6488 6489 6490 6491 6497 6498 6505 6510 6511 6512 6513 6521 6522 6523 6527 6528 6530 6535 6542 6543 6550 6551 6552 6556 6557 6560 6561 6565 6568 6576 6584 6585 6586 6595 6598 6600 6601 6606 6613 6623 6624 10390 10391 10863 10864 10867 10872 10873 10874 10878 10880 10882 10883 10884 10887 10889 10899 10900 10902 10903 10906 10907 10909 10917 10918 10919 
	}
	naval_terrain=water_hyperlane
	weather={
		period={
			between={ 0.0 0.0 }
			temperature={ -10.0 35.0 }
			no_phenomenon=1.500
			rain_light=0.250
			rain_heavy=0.100
			snow=0.000
			blizzard=0.000
			arctic_water=0.000
			mud=0.000
			sandstorm=0.000
			min_snow_level=0.000
		}
	}
}
