
strategic_region={
	id=14
	name="STRATEGICREGION_14"
	provinces={
		3 7 23 36 38 111 138 153 212 230 278 350 360 407 452 456 485 496 586 667 674 689 699 737 746 815 816 819 890 901 903 1005 1059 1076 1138 1199 1220 1249 1296 1325 1353 1519 1552 1572 1615 1663 1708 1787 1792 1822 1903 1937 2026 2077 2207 2288 2333 2446 2462 2491 2515 2556 2637 2733 2747 2795 2809 2980 3030 3090 3128 3199 3208 3218 3317 3356 3394 3438 3472 3475 3482 3538 3565 3576 3625 3672 3738 3767 3799 3841 3872 4022 4041 4088 4122 4171 4202 4234 4311 4450 4467 4469 4480 4489 4506 4577 4613 4678 4718 4745 4746 4939 4999 5035 5044 5217 5359 5389 5433 5481 5518 5545 5661 5780 5799 5954 5963 5985 6097 6152 6164 9896 9897 9910 9911 9917 9927 9928 9933 9949 9954 9955 9956 9957 9963 9971 9980 9985 9986 9987 9993 9998 10003 10010 10016 10017 10018 10022 10023 10029 10031 10035 10037 10041 10043 10045 10050 10057 10058 10065 10066 10068 10076 10085 10086 10094 10095 10099 10100 10104 10105 10109 10122 10133 10134 10135 10136 10139 10140 10143 10158 10159 10160 10168 10176 10177 10178 10183 10184 10185 10188 10196 10208 10209 10214 10215 10216 10217 10220 10228 10231 10232 10239 10242 10243 10252 10253 10254 10259 10263 10267 10268 10276 10277 10278 10280 10281 10286 10287 10290 10291 10292 10296 10297 10302 10303 10304 10314 10315 10317 10318 10322 10325 10326 10335 10336 10339 10344 10346 10347 10348 10352 10353 10354 10355 10363 10364 10365 10366 10370 10371 10372 10376 10377 10380 10381 10383 10384 10387 10388 10392 10396 10401 10404 10405 10408 10409 10412 10413 10414 10417 10426 10427 10428 10431 10432 10433 10434 10440 10443 10444 10445 10449 10454 10455 10456 10457 10461 10462 10468 10469 10474 10475 10476 10479 10480 10483 10484 10485 10486 10489 10490 10491 10495 10496 10497 10503 10504 10507 10508 10513 10514 10515 10516 10522 10523 10526 10534 10545 10546 10550 10554 10555 10556 10557 10561 10567 10568 10583 10585 10586 10589 10590 10595 10596 10597 10603 10617 10618 10625 10626 10634 10635 10655 10656 10657 10670 10671 10679 10685 10686 10688 10689 10690 10692 10693 10703 10704 10708 10709 10717 10719 10720 10725 10726 10738 10745 10755 10758 10759 10761 10762 10763 10769 10772 10777 10778 10779 10782 10784 10785 10792 10793 10794 10801 10802 10805 10806 10810 10816 10817 10834 10835 10843 10851 10861 10862 18827 18844 18904 18943 18974 18989 
	}
	naval_terrain=water_planets
	weather={
	}
}
