
strategic_region={
	id=14
	name="STRATEGICREGION_14"
	provinces={
		45 54 184 212 215 280 347 356 444 463 521 1326 1327 1328 1330 1334 1335 1336 1342 1345 1351 1353 1359 1393 1394 1400 1405 1406 1413 1416 1418 1419 1420 1426 1430 1431 1433 1443 1444 1446 1447 1483 1484 1487 1488 1492 1493 1497 1500 1504 1511 1514 1515 1517 1527 3200 3201 3206 3209 3210 3213 3217 3218 3220 3490 3502 3507 3511 3512 3517 3522 3527 4006 7518 7519 7520 7521 7522 7523 7524 7525 7526 7527 7528 7529 7530 7531 7532 7533 7538 7541 7543 7544 7626 7627 7628 7631 7632 7633 7634 7637 7640 7641 7642 7649 7651 7652 7653 7655 7662 7665 7666 7723 7724 7727 7732 7737 7741 7742 7751 7760 7761 7773 7776 7777 7782 7792 7805 7806 7810 7817 7834 7948 7949 7953 7956 7967 7968 7972 7976 7977 7981 7982 7984 7989 7995 7996 7997 7998 7999 8003 8004 8005 10427 10431 10784 10785 10786 10788 10789 10856 10857 10947 10948 10949 10950 10951 10952 10954 
	}
	weather={
		period={
			between={ 0.0 30.11 }
			temperature={ -10.0 35.0 }
			no_phenomenon=1.500
			rain_light=0.250
			rain_heavy=0.100
			snow=0.000
			blizzard=0.000
			arctic_water=0.000
			mud=0.000
			sandstorm=0.000
			min_snow_level=0.000
		}
	}
}
