strategic_region={
	id=140
	name="STRATEGICREGION_140"
	provinces={
		419 541 552 987 1001 1257 1386 1606 1623 2086 2231 2242 2492 2546 2602 3393 4710 5572 6277 18041 18046 18053 18063 18066 18074 18077 18086 18087 18088 18091 18102 18106 18111 18112 18113 18115 18119 18125 18126 18132 18133 18139 18148 18151 18161 18168 18169 18173 18174 18189 18193 18201 18206 18207 18225 18227 18228 18232 18233 18238 18240 18243 18249 18259 18260 
	}
	weather={
		period={
			between={ 0.0 30.11 }
			temperature={ -10.0 35.0 }
			no_phenomenon=1.500
			rain_light=0.250
			rain_heavy=0.100
			snow=0.000
			blizzard=0.000
			arctic_water=0.000
			mud=0.000
			sandstorm=0.000
			min_snow_level=0.000
		}
	}
}
