strategic_region={
	id=142
	name="STRATEGICREGION_142"
	provinces={
		214 399 851 995 1203 2329 2434 2488 2545 2701 2832 3010 3842 4637 4682 4853 4996 5024 5564 18435 18441 18444 18445 18449 18450 18452 18455 18456 18458 18460 18466 18469 18470 18473 18474 18475 18477 18480 18481 18483 18485 18487 18488 18489 18490 18491 18492 18493 18494 18495 18496 18499 18501 18502 18504 18506 18510 18511 18514 18520 18521 
	}
	weather={
		period={
			between={ 0.0 30.11 }
			temperature={ -10.0 35.0 }
			no_phenomenon=1.500
			rain_light=0.250
			rain_heavy=0.100
			snow=0.000
			blizzard=0.000
			arctic_water=0.000
			mud=0.000
			sandstorm=0.000
			min_snow_level=0.000
		}
	}
}
