strategic_region={
	id=144
	name="STRATEGICREGION_144"
	provinces={
		322 427 439 517 841 1095 1447 1605 1622 1828 3223 4051 4185 4527 4942 5073 5188 5595 5866 18497 18498 18500 18503 18505 18509 18513 18515 18516 18519 18523 18524 18527 18531 18532 18533 18535 18539 18541 18543 18544 18548 18549 18551 18552 18553 18554 18555 18557 18558 18559 18560 18561 18563 18564 18567 18569 18570 18571 18573 18575 18581 18582 18587 18589 
	}
	weather={
		period={
			between={ 0.0 30.11 }
			temperature={ -10.0 35.0 }
			no_phenomenon=1.500
			rain_light=0.250
			rain_heavy=0.100
			snow=0.000
			blizzard=0.000
			arctic_water=0.000
			mud=0.000
			sandstorm=0.000
			min_snow_level=0.000
		}
	}
}
