strategic_region={
	id=145
	name="STRATEGICREGION_145"
	provinces={
		52 115 937 1379 1575 1607 1652 2295 2562 3162 3387 3637 3878 3908 4069 4104 4825 5166 5172 5499 6126 18578 18579 18583 18584 18591 18592 18596 18599 18600 18602 18607 18608 18609 18610 18613 18616 18617 18618 18622 18624 18625 18627 18629 18631 18635 18636 18642 18644 18648 18649 18650 18653 18655 18656 18660 18661 18666 18669 
	}
	weather={
		period={
			between={ 0.0 30.11 }
			temperature={ -10.0 35.0 }
			no_phenomenon=1.500
			rain_light=0.250
			rain_heavy=0.100
			snow=0.000
			blizzard=0.000
			arctic_water=0.000
			mud=0.000
			sandstorm=0.000
			min_snow_level=0.000
		}
	}
}
