strategic_region={
	id=148
	name="STRATEGICREGION_148"
	provinces={
		225 246 401 927 1372 2924 3247 4036 4375 4735 4813 4831 4906 5322 5327 5890 6135 18004 18008 18016 18020 18021 18027 18033 18040 18048 18049 18065 18070 18072 18080 18090 18092 18094 18095 18104 18108 18109 18120 18137 18140 18141 18145 18149 18153 18163 18167 18171 18177 18178 18185 18191 18192 18198 18199 18204 18208 18210 18214 18216 18226 18231 18235 
	}
	weather={
		period={
			between={ 0.0 30.11 }
			temperature={ -10.0 35.0 }
			no_phenomenon=1.500
			rain_light=0.250
			rain_heavy=0.100
			snow=0.000
			blizzard=0.000
			arctic_water=0.000
			mud=0.000
			sandstorm=0.000
			min_snow_level=0.000
		}
	}
}
