
strategic_region={
	id=15
	name="STRATEGICREGION_15"
	provinces={
		6 14 23 33 42 60 67 74 82 84 105 115 123 131 156 161 182 188 189 201 203 207 210 214 221 233 236 261 265 269 278 279 285 333 353 361 371 372 375 376 406 412 413 418 420 442 445 450 456 458 467 488 491 496 514 520 526 534 543 549 1502 1503 1506 1507 1513 1518 1519 1520 1522 1523 1526 1528 1532 1533 1534 1535 1539 1540 1541 1543 1544 1547 1548 1549 1550 1551 1553 1556 1557 1560 1562 1563 1564 1567 1570 1573 1574 1575 1577 1581 1583 1585 1586 1587 1589 1590 1594 1595 1598 1603 1604 1605 1609 1612 1613 1618 1622 1626 1628 1658 1659 1664 1665 1668 1671 1673 1674 1676 1677 1678 1679 1680 1681 1682 1685 1686 1687 1689 1690 1694 1696 1697 1701 1705 1711 1712 1715 1716 1718 1722 1730 1731 1736 1738 1739 1740 1741 1742 1746 1747 1748 1749 1751 1752 1754 1755 1756 1758 1759 1760 1761 1762 1764 1765 1766 1767 1768 1769 1771 1772 1773 1774 1775 1776 1777 1778 1779 1780 1781 1782 1783 1784 1785 1786 1787 1788 1789 1790 1792 1795 1796 1797 1798 1800 1804 1805 1806 1807 1808 1810 1814 1815 1816 1817 1818 1819 1820 1824 1825 1826 1827 1828 1830 1831 1832 1833 1834 1835 1836 1837 1838 1839 1840 1842 1843 1844 1845 1848 1849 1851 1854 1855 1862 1863 1864 1867 1868 1869 1874 1879 1880 1882 1883 1888 1889 1892 1901 1907 1912 1913 1915 1917 1920 1921 1924 1925 1926 1927 1930 1931 1932 1935 1937 1938 1940 1941 1942 1945 1946 1947 1950 1951 1952 1953 1954 1955 1956 1957 1958 1959 1960 1961 1962 1963 1964 1965 1966 1967 1968 1969 1970 1971 1972 1973 1974 1975 1976 1977 1978 1979 1980 1981 1982 1983 1984 1985 1986 1987 1988 1989 1990 1991 1992 1993 1994 1995 1996 1997 1998 1999 2000 2001 2002 2003 2004 2005 2006 2007 2008 2009 2086 2087 2088 2089 2090 2091 2092 2093 2095 2097 2098 2101 2102 2104 2105 2106 2109 2110 3079 3080 3082 3097 3098 3099 3100 3101 3102 3103 3104 3105 3106 3107 3108 3109 3110 3111 3112 3113 3114 3115 3119 3120 3125 3127 3131 3132 3134 3135 3139 3140 3141 3143 3144 3145 3146 3147 3148 3149 3150 3153 3154 3156 3157 3160 3167 3168 3169 3171 3172 3175 3182 3185 3186 3191 3192 3193 3196 3197 3198 3199 3202 3203 3457 3461 3462 3463 3465 3473 3475 3476 3480 3488 3492 3501 4004 4005 
	}
	weather={
	}
}
