
strategic_region={
	id=16
	name="STRATEGICREGION_16"
	provinces={
		22 53 66 240 294 315 415 451 1200 1201 1208 1209 1215 1217 1222 1223 1229 1234 1238 1239 1242 1246 1250 1285 1286 1291 1298 1299 1300 1302 1307 1308 1309 1310 1313 1315 1316 3224 3225 3230 3235 3248 3249 3256 3509 3516 3521 3524 3536 3863 7667 7668 7673 7679 7683 7684 7688 7690 7693 7694 7695 7696 7697 7698 7699 7700 7701 7702 7703 7704 7705 7706 7707 7708 7709 7710 7711 7712 7713 7714 7715 7716 7717 7720 7721 7722 7725 7726 7729 7730 7731 7735 7736 7738 7739 7740 7743 7744 7745 7746 7747 7754 7755 7756 7758 7759 7764 7765 7766 7767 7770 7771 7772 7775 7780 7781 7787 7788 7789 7790 7791 7796 7797 7803 7804 7809 7813 7814 7815 7816 7819 7820 7827 7828 7829 7830 7831 7832 7833 7836 7837 7840 7841 7842 7845 7846 7847 7848 7849 7853 7854 7855 7856 7857 7859 7860 7861 7862 7863 7864 7867 7868 7869 7870 7871 7872 7874 7875 7877 7878 7879 7880 7881 7882 7883 7884 7885 7886 7887 7888 7889 7890 7891 7892 7893 7894 7895 7896 7897 7898 7899 7900 7901 7902 7903 7904 7905 7906 7907 7908 7909 7910 7911 7912 7913 7914 7915 7916 7917 7920 7921 7922 7923 7924 7925 7926 7930 7933 7934 7938 8007 8008 8010 8011 8018 8019 8027 8029 8030 8036 8047 8048 8050 8058 8064 8073 8079 8080 8084 8085 8104 8105 10430 10433 10622 10623 10624 10625 10626 10627 10628 10629 10630 10631 10632 10633 10634 10635 10647 10648 10701 10702 10703 10704 10705 10706 10707 
	}
	weather={
		period={
			between={ 0.0 0.0 }
			temperature={ -10.0 35.0 }
			no_phenomenon=1.500
			rain_light=0.250
			rain_heavy=0.100
			snow=0.000
			blizzard=0.000
			arctic_water=0.000
			mud=0.000
			sandstorm=0.000
			min_snow_level=0.000
		}
	}
}
