
strategic_region={
	id=16
	name="STRATEGICREGION_16"
	provinces={
		39 76 85 88 116 127 190 220 291 302 306 334 344 357 380 430 510 513 523 546 2383 2384 2385 2386 2387 2388 2389 2390 2393 2395 2396 2398 2399 2401 2402 2405 2406 2409 2443 2444 2447 2448 2451 2452 2453 2454 2455 2458 2459 2461 2462 2463 2464 2465 2466 2467 2470 2471 2472 2475 2478 2479 2480 2484 2485 2488 2489 2490 2491 2492 2493 2494 2495 2496 2497 2498 2499 2500 2501 2502 2503 2504 2505 2506 2507 2508 2509 2510 2513 2514 2515 2516 2517 2518 2521 2522 2523 2524 2525 2526 2527 2528 2533 2534 2536 2537 2538 2539 2540 2542 2544 2549 2550 2551 2553 2555 2557 2565 2566 2571 2577 2578 2606 2607 2608 2609 2610 2611 2612 2613 2614 2615 2616 2617 2977 2978 2979 2987 2990 2992 2993 2994 2997 2998 2999 3000 3003 3004 3006 3007 3016 3017 3019 3411 3413 
	}
	weather={
	}
}
