
strategic_region={
	id=16
	name="STRATEGICREGION_16"
	provinces={
		17 28 81 100 108 145 163 333 338 349 409 438 462 474 478 482 510 540 592 617 748 772 812 821 894 925 931 935 954 1007 1137 1196 1243 1244 1251 1293 1318 1329 1349 1373 1374 1375 1413 1500 1545 1547 1577 1640 1660 1704 1726 1794 1835 1849 1859 1860 1864 1874 1913 1941 1947 1957 1967 1978 1981 2012 2028 2051 2080 2139 2150 2153 2166 2177 2194 2196 2199 2209 2228 2257 2264 2266 2275 2306 2317 2318 2363 2389 2417 2455 2472 2513 2558 2573 2579 2598 2631 2653 2670 2689 2700 2740 2790 2812 2908 2922 3017 3023 3068 3096 3112 3139 3181 3226 3266 3299 3307 3315 3326 3349 3364 3367 3380 3386 3409 3435 3518 3547 3556 3570 3592 3677 3687 3800 3809 3846 3859 3863 3879 3884 3888 3945 3947 4007 4012 4057 4077 4175 4207 4209 4291 4293 4403 4439 4470 4517 4521 4601 4606 4607 4615 4631 4672 4686 4688 4707 4717 4743 4764 4777 4824 4883 4928 4946 4966 5099 5130 5137 5169 5173 5178 5179 5194 5258 5283 5296 5388 5421 5451 5452 5479 5487 5497 5539 5555 5561 5686 5721 5802 5815 5833 5839 5850 5862 5882 5990 5999 6015 6056 6143 6201 6267 6678 6683 6684 6691 6701 6707 6708 6717 6731 6739 6750 6753 6754 6768 6775 6776 6783 6794 6795 6805 6806 6807 6813 6818 6821 6827 6835 6840 6845 6854 6855 6862 6863 6868 6869 6887 6897 6905 6906 6911 6918 6928 6929 6930 6937 6938 6950 6951 6954 6956 6963 6975 6983 6984 6985 6989 6996 7003 7011 7017 7018 7025 7026 7027 7028 7037 7038 7046 7047 7048 7051 7052 7059 7069 7070 7074 7081 7084 7085 7094 7095 7112 7116 7119 7120 7131 7140 7141 7147 7162 7168 7179 7180 7187 7188 7189 7203 7204 7209 7218 7227 7228 7236 7237 7241 7250 7251 7259 7264 7270 7271 7281 7293 7296 7302 7313 7318 7329 7330 7335 7338 7356 7363 7377 7386 7393 7394 7929 7930 7942 7956 7962 7963 7968 7970 7988 7997 7999 8009 8016 8024 8029 8037 8038 8042 8056 8062 8063 8068 8075 8076 8080 8095 8100 8101 8102 8103 8112 8121 8122 8129 8136 8141 8145 8146 8147 8158 8169 8174 8175 8176 8181 8186 8187 8201 8208 8212 8218 8219 8226 8227 8228 8239 8244 8250 8251 8256 8259 8260 8273 8274 8275 8276 8282 8285 8289 8299 8302 8309 8310 8318 8319 8322 8328 8332 8333 8334 8345 8350 8351 8358 8359 8362 8366 8367 8376 8381 8390 8394 8397 8398 8403 8404 8408 8409 8412 8413 8427 8428 8429 8437 8438 8440 8448 8456 8461 8465 8468 8478 8479 8483 8485 8490 8491 8494 8501 8502 8506 8512 8516 8519 8520 8523 8527 8534 8535 8543 8626 8629 8630 8645 8651 8662 8667 8669 8670 8673 8682 8683 8687 8691 8692 8693 8697 8704 8705 8712 8715 8716 8717 8721 8726 8727 8732 8733 8739 8746 8748 8752 8753 8757 8758 8759 8770 8774 8775 8778 8781 8784 8794 8795 8799 8800 8801 8802 8809 8825 8829 8838 8842 8846 8847 8848 8859 8860 8870 8871 8881 8889 8890 8891 8899 8919 8920 8924 8934 8935 8936 8939 8940 8945 8953 8954 8955 8964 8965 8967 8973 8979 8982 8983 8984 8987 8991 8999 9000 9006 9007 9013 9018 9019 9022 9024 9028 9032 9033 9034 9037 9044 9047 9049 9052 9053 9056 9059 9060 9065 9068 9072 9074 9076 9080 9085 9091 9095 9099 9111 9112 9126 9127 9142 9143 9151 9153 18733 18778 18846 18854 18963 18969 18972 19025 
	}
	naval_terrain=water_planets
	weather={
		period={
			between={ 0.0 0.0 }
			temperature={ -10.0 35.0 }
			no_phenomenon=1.500
			rain_light=0.250
			rain_heavy=0.100
			snow=0.000
			blizzard=0.000
			arctic_water=0.000
			mud=0.000
			sandstorm=0.000
			min_snow_level=0.000
		}
	}
}
