
strategic_region={
	id=17
	name="STRATEGICREGION_17"
	provinces={
		76 85 88 127 220 291 334 510 513 523 546 2496 2499 2502 2504 2506 2507 2509 2510 2515 2517 2518 2521 2523 2526 2528 2533 2534 2537 2538 2542 2544 2549 2550 2551 2553 2555 2557 2565 2566 2571 2577 2578 2606 2607 2608 2609 2610 2611 2612 2613 2614 2615 2616 2617 2977 2978 2979 2987 2990 2992 2997 3401 3405 3407 3411 3627 3817 3822 4520 4521 4522 4523 4524 4525 4526 4527 4528 4529 4530 4531 4532 4533 4534 4535 4536 4537 4538 4539 4540 4541 4542 4543 4544 4545 4546 4547 4548 4549 4550 4551 4552 4553 4554 4555 4556 4557 4558 4559 4560 4561 4562 4563 4564 4565 4566 4569 4570 4571 4572 4574 4575 4576 4577 4578 4581 4582 4583 4585 4586 4587 4588 4589 4590 4591 4592 4593 4594 4596 4597 4599 4600 4601 4604 4605 4606 4610 4611 4617 4618 4619 4621 4622 4623 4624 4637 4672 4673 4674 4677 4679 4680 4686 4691 4692 4693 4700 4701 4703 4704 4705 4718 4720 4721 4725 4736 4737 4743 4744 4747 4750 4755 4764 4765 4768 4770 4774 4777 4782 4785 4786 4787 4789 4794 4795 4877 4878 4881 4889 4895 4900 4912 4913 4921 4922 4923 4924 4928 4929 4930 4933 4934 4942 4943 4948 4953 4954 4955 4963 4964 4965 4971 4973 4974 4975 4976 4984 4985 4986 4992 4993 4995 4996 4997 5002 5003 5004 5005 5006 5010 5011 5012 5013 5014 5015 5017 5018 5019 5021 5022 5026 5027 5028 5029 5030 5031 5032 5033 5034 5035 5036 5039 5041 5042 5046 5047 5048 5049 5052 5053 5054 5055 5059 5060 5063 5064 5065 5066 5067 5068 5069 5071 5072 5074 5075 5079 5080 5081 5082 5083 5084 5085 5090 5091 5093 5094 5096 5097 5098 5099 5100 5101 5103 5108 5109 5112 5113 5928 10361 10366 11219 11220 11221 11222 11223 11224 11225 11226 11227 11228 11229 11230 11231 11232 11233 11234 11237 11239 11240 11241 11242 11243 11244 11245 11246 11247 11248 11249 11250 11251 
	}
	weather={
		period={
			between={ 0.0 0.0 }
			temperature={ -10.0 35.0 }
			no_phenomenon=1.500
			rain_light=0.250
			rain_heavy=0.100
			snow=0.000
			blizzard=0.000
			arctic_water=0.000
			mud=0.000
			sandstorm=0.000
			min_snow_level=0.000
		}
	}
}
