
strategic_region={
	id=17
	name="STRATEGICREGION_17"
	provinces={
		73 171 191 327 397 454 457 499 544 2532 2535 2543 2547 2548 2552 2560 2563 2564 2568 2573 2576 2579 2584 2587 2593 2594 2595 2596 2597 2598 2599 2600 2601 2602 2603 2604 2605 2980 2981 2982 2985 2986 2995 3400 3400 3404 3406 3408 3409 5044 5045 5051 5056 5057 5058 5061 5062 5070 5073 5076 5077 5078 5086 5087 5088 5089 5092 5095 5102 5104 5105 5106 5107 5110 5111 5114 5115 5116 5117 5118 5119 5120 5121 5122 5123 5190 5191 5194 5196 5201 5213 5218 11115 11117 11118 11178 11179 11180 11181 11182 
	}
	weather={
		period={
			between={ 0.0 30.11 }
			temperature={ -10.0 35.0 }
			no_phenomenon=1.500
			rain_light=0.250
			rain_heavy=0.100
			snow=0.000
			blizzard=0.000
			arctic_water=0.000
			mud=0.000
			sandstorm=0.000
			min_snow_level=0.000
		}
	}
}
