
strategic_region={
	id=18
	name="STRATEGICREGION_18"
	provinces={
		39 116 141 190 228 301 306 336 380 430 473 2299 2300 2308 2309 2312 2318 2319 2321 2322 2328 2329 2331 2332 2383 2384 2385 2386 2387 2388 2389 2390 2393 2395 2396 2398 2399 2401 2402 2405 2406 2409 2443 2444 2447 2448 2451 2452 2453 2454 2455 2458 2459 2461 2464 2465 2470 2494 2495 2497 2498 2500 2501 2503 2505 2508 2513 2514 2516 2522 2524 2525 2527 2536 2539 2540 2993 2994 2998 3003 3004 3007 3016 3017 3019 3029 3030 3036 3412 3413 3419 3427 3657 3944 3949 5202 5203 5204 5212 5217 5219 5220 5221 5227 5228 5237 5240 5244 5254 5255 5259 5260 5275 5276 5444 5445 5446 5449 5451 5452 5456 5458 5459 5460 5461 5464 5467 5469 5470 5471 5473 5476 5480 5482 5483 5485 5488 5489 5490 5494 5495 5497 5500 5501 5502 5505 5507 5508 5511 5512 5513 5515 5516 5517 5520 5523 5529 5533 5535 5536 5537 5545 5546 5550 5551 5555 5559 5564 5565 5571 5574 5598 5599 5600 5601 5612 5613 5614 5615 5625 5626 5628 5629 5636 5638 5640 5643 5644 5645 5646 5647 5648 5649 5650 5651 5652 5653 5654 5655 5656 5657 5658 5659 5662 5663 5664 5665 5666 5668 5669 5672 5673 5674 5675 5676 5678 5681 5682 5683 5684 5685 5686 5687 5688 5691 5692 5739 5740 5741 5742 5748 5751 5752 5753 5756 5757 5758 5762 5764 5765 5769 5773 5774 5776 5777 5780 5782 5804 5805 5806 5807 5808 5809 5810 5811 5812 5813 5814 5815 5816 5817 5821 5823 5829 5834 5839 5843 10373 11186 11187 11188 11191 11192 11193 11195 11198 11199 11200 11206 11207 11210 11211 11212 11214 
	}
	weather={
		period={
			between={ 0.0 0.0 }
			temperature={ -10.0 35.0 }
			no_phenomenon=1.500
			rain_light=0.250
			rain_heavy=0.100
			snow=0.000
			blizzard=0.000
			arctic_water=0.000
			mud=0.000
			sandstorm=0.000
			min_snow_level=0.000
		}
	}
}
