
strategic_region={
	id=18
	name="STRATEGICREGION_18"
	provinces={
		44 89 149 282 352 393 414 428 437 500 560 2051 2054 2055 2057 2058 2059 2062 2065 2067 2069 2073 2075 2078 2079 2120 2121 2124 2126 2129 2133 2135 2136 2137 2139 3068 3069 3072 3085 3087 3437 3443 3448 3835 3840 4011 6072 6073 6076 6081 6086 6087 6091 6095 6096 6097 6102 6103 6106 6108 6111 6112 6114 6117 6120 6121 6124 6150 6151 6152 6156 6157 6163 6164 6166 6168 6172 6174 6177 6181 6183 6186 6187 6191 6194 6195 6227 6228 6229 6234 6248 6249 6250 6258 6259 6269 6273 6281 6286 6291 6296 6301 6302 6308 6314 6318 6323 6324 6332 6333 6337 6340 6342 6345 6347 6349 6350 6355 6356 6362 6365 6367 6368 6448 6449 6455 6460 6467 6474 6475 6484 6495 6502 6517 6518 6520 6533 6534 6546 6554 6564 6582 6583 6589 6590 6594 6597 6599 6605 6608 6612 6615 6616 6617 6621 6622 6626 6627 6629 6632 6633 6634 6635 6638 6643 6644 6645 6648 6652 6654 6657 6658 6660 6668 6673 6674 10392 10395 10399 10400 10491 10492 10493 10494 10495 10496 10497 10498 10499 10500 10501 10502 10503 10504 10505 10506 10509 10510 
	}
	weather={
		period={
			between={ 0.0 30.11 }
			temperature={ -10.0 35.0 }
			no_phenomenon=1.500
			rain_light=0.250
			rain_heavy=0.100
			snow=0.000
			blizzard=0.000
			arctic_water=0.000
			mud=0.000
			sandstorm=0.000
			min_snow_level=0.000
		}
	}
}
