
strategic_region={
	id=18
	name="STRATEGICREGION_18"
	provinces={
		101 124 149 151 194 207 211 222 345 367 375 395 398 441 469 516 524 551 572 581 607 653 685 733 739 783 789 796 860 862 883 916 929 945 984 1094 1098 1134 1163 1218 1298 1334 1335 1393 1421 1444 1454 1473 1517 1537 1538 1568 1579 1586 1664 1665 1673 1700 1722 1728 1734 1760 1766 1781 1831 1837 1878 1882 1892 1914 2033 2059 2074 2097 2126 2142 2156 2216 2249 2301 2324 2371 2393 2424 2429 2445 2456 2478 2568 2586 2726 2731 2737 2797 2819 2836 2888 2903 2907 2915 2947 2988 3024 3027 3046 3052 3094 3106 3126 3166 3170 3172 3238 3280 3319 3329 3376 3378 3383 3415 3454 3469 3549 3571 3590 3597 3606 3621 3655 3684 3702 3739 3751 3811 3812 3845 3889 3923 3949 3950 3959 3963 3980 3986 4027 4038 4042 4046 4063 4080 4086 4096 4132 4163 4184 4201 4216 4247 4253 4255 4262 4290 4312 4376 4421 4427 4456 4471 4487 4511 4523 4531 4549 4557 4581 4684 4701 4722 4833 4847 4879 4925 4977 4989 4994 5000 5003 5022 5034 5065 5071 5106 5115 5117 5123 5126 5204 5208 5267 5301 5331 5348 5361 5372 5394 5395 5403 5404 5444 5454 5524 5529 5574 5576 5578 5607 5651 5668 5716 5723 5730 5743 5763 5764 5810 5812 5913 5993 6002 6006 6065 6144 6146 6168 6208 6237 6254 8526 8531 8532 8540 8541 8548 8552 8556 8561 8563 8566 8567 8573 8578 8580 8581 8584 8585 8589 8590 8591 8597 8602 8603 8610 8611 8614 8620 8623 8627 8634 8635 8641 8642 8643 8646 8648 8649 8652 8656 8657 8658 8664 8668 8671 8672 8677 8678 8679 8684 8688 8690 8694 8698 8706 8707 8708 8709 8710 8711 8713 8718 8719 8728 8729 8730 8734 8735 8740 8741 8742 8749 8750 8756 8760 8761 8762 8768 8769 8776 8777 8782 8785 8786 8787 8788 8791 8796 8797 8803 8804 8810 8811 8813 8814 8815 8817 8818 8819 8820 8821 8822 8826 8830 8831 8832 8833 8834 8844 8849 8850 8851 8852 8853 8854 8861 8862 8864 8865 8872 8873 8874 8882 8883 8885 8886 8892 8900 8901 8902 8903 8905 8909 8913 8914 8915 8921 8922 8925 8930 8937 8941 8942 8943 8946 8947 8951 8952 8956 8957 8958 8959 8960 8968 8969 8974 8975 8976 8980 8981 8985 8986 8988 8989 8992 8994 9001 9002 9003 9008 9009 9010 9014 9015 9016 9020 9025 9026 9035 9036 9038 9040 9041 9045 9046 9054 9057 9061 9062 9064 9066 9075 9077 9078 9081 9086 9092 9093 9096 9097 9100 9101 9102 9103 9105 9106 9113 9119 9120 9122 9128 9129 9134 9138 9144 9145 9146 9149 9154 9155 9156 9157 9166 9167 9171 9178 9188 9189 9194 9195 9212 9218 9219 9220 9223 9224 9227 9247 9248 9253 9255 9256 9257 9277 9278 9319 9327 9335 9344 9349 9352 9360 9369 9374 9376 9391 9402 9407 9426 9432 9438 9439 9441 9443 9451 9466 9467 9480 9481 9491 9499 9511 9526 9547 9576 9577 9587 9606 9613 9614 9618 9619 9642 9652 9780 9781 9791 9796 9804 9805 9806 9814 9815 9828 9836 9840 9846 9850 9865 9867 9868 9872 9875 9885 9891 9892 9893 9894 9899 9904 9905 9906 9907 9919 9920 9921 9926 9932 9936 9939 9940 9943 9944 9945 9948 9953 9961 9962 9970 9974 9975 9977 9978 9979 9984 9991 9992 9999 10002 10005 10006 10007 10014 10015 10020 10021 10028 10030 10033 10034 10036 10040 10048 10049 10062 10070 10071 10075 10082 10083 10089 10090 10102 10103 10107 10111 10112 10118 10119 10120 10121 10127 10128 10138 10141 10144 10145 10149 10155 10156 10165 10172 10173 10181 10182 10186 10192 10193 10194 10207 10210 10221 10222 10223 10224 10226 10235 10241 10251 10258 10272 10273 10282 10283 10299 10305 10308 10309 10316 10330 10338 10345 10351 10368 10382 18696 18719 18848 18919 18958 18966 19031 
	}
	naval_terrain=water_planets
	weather={
	}
}
