
strategic_region={
	id=19
	name="STRATEGICREGION_19"
	provinces={
		37 95 192 216 302 313 323 324 344 357 426 443 461 464 2197 2198 2201 2202 2203 2206 2208 2210 2211 2214 2217 2218 2220 2221 2223 2225 2227 2228 2230 2291 2292 2293 2295 2296 2298 2301 2305 2306 2307 2310 2313 2315 2316 2317 2323 2324 2333 2334 2335 2336 2337 2338 2339 2340 2341 2342 2343 2344 2345 2346 2347 2425 2426 2430 2432 2433 2436 2437 2438 2439 2440 2441 2442 2445 2446 2449 2450 2462 2463 2466 2467 2471 2472 2475 2478 2479 2480 2484 2485 2488 2489 2490 2491 2492 2493 2999 3000 3006 3008 3009 3012 3026 3027 3028 3033 3034 3037 3052 3053 3054 3416 3423 3424 3429 3650 3800 3825 3831 4003 4026 4027 4028 4029 4791 4792 4793 4799 4801 4802 4803 4804 4807 4814 4815 4816 4822 4823 4832 4833 4838 4846 4853 5124 5125 5126 5127 5128 5129 5130 5131 5132 5133 5134 5135 5136 5137 5138 5139 5143 5145 5211 5282 5283 5284 5293 5294 5295 5299 5300 5303 5305 5309 5310 5312 5313 5314 5316 5317 5318 5319 5320 5321 5322 5323 5324 5325 5326 5327 5328 5329 5330 5331 5332 5333 5334 5335 5336 5337 5338 5339 5340 5341 5342 5343 5344 5345 5346 5347 5350 5351 5352 5354 5355 5356 5357 5358 5361 5362 5364 5365 5367 5368 5370 5374 5375 5376 5384 5594 5595 5596 5602 5605 5608 5609 5610 5611 5616 5618 5619 5622 5630 5631 5632 5633 5634 5641 5642 5698 5699 5702 5704 5706 5708 5710 5712 5713 5714 5716 5722 5727 5728 5729 5731 5735 5737 10385 10386 11235 11236 11238 11252 11253 11254 11255 11256 11257 11258 11259 11260 11261 11262 11263 11264 11265 11266 11267 
	}
	weather={
		period={
			between={ 0.0 0.0 }
			temperature={ -10.0 35.0 }
			no_phenomenon=1.500
			rain_light=0.250
			rain_heavy=0.100
			snow=0.000
			blizzard=0.000
			arctic_water=0.000
			mud=0.000
			sandstorm=0.000
			min_snow_level=0.000
		}
	}
}
