
strategic_region={
	id=19
	name="STRATEGICREGION_19"
	provinces={
		20 59 60 72 118 133 144 227 245 251 255 288 291 302 310 331 359 405 415 497 549 584 594 598 606 628 634 646 649 676 687 701 756 763 766 788 809 836 866 948 962 971 976 990 1006 1010 1021 1058 1105 1113 1123 1136 1147 1157 1161 1198 1219 1222 1223 1286 1287 1315 1344 1345 1359 1370 1376 1381 1387 1437 1450 1490 1497 1512 1581 1629 1684 1688 1699 1784 1829 1832 1894 1917 1922 1946 1951 1960 1985 1992 2014 2017 2031 2032 2103 2146 2155 2204 2206 2229 2236 2244 2263 2273 2292 2304 2338 2359 2367 2388 2410 2448 2468 2495 2533 2565 2570 2678 2721 2730 2752 2756 2767 2792 2794 2813 2818 2833 2835 2863 2865 2868 2877 2880 2887 2913 2920 2996 3016 3021 3038 3056 3085 3089 3150 3174 3190 3202 3239 3243 3252 3254 3275 3278 3281 3297 3305 3321 3368 3403 3404 3412 3433 3436 3451 3459 3485 3492 3500 3510 3535 3543 3544 3626 3638 3656 3685 3688 3719 3726 3730 3752 3783 3810 3814 3850 3865 3875 3896 3897 3902 3905 3913 3925 3931 3932 3934 3938 3941 3944 3966 3981 4005 4018 4021 4070 4106 4170 4178 4195 4246 4263 4267 4272 4302 4379 4387 4400 4401 4416 4422 4499 4540 4573 4632 4645 4647 4649 4693 4709 4731 4737 4773 4780 4811 4855 4903 4920 4954 4955 4956 4960 4969 4979 5011 5019 5026 5046 5051 5060 5081 5125 5132 5141 5147 5155 5190 5206 5231 5247 5269 5273 5307 5318 5333 5339 5354 5470 5493 5513 5552 5557 5579 5598 5604 5608 5616 5620 5630 5639 5653 5655 5689 5696 5725 5726 5732 5740 5747 5750 5765 5774 5783 5801 5826 5841 5929 5936 5956 5972 5978 6005 6010 6016 6032 6048 6061 6076 6087 6093 6103 6106 6108 6123 6145 6173 6213 6214 6224 6228 6231 6234 6235 6241 6249 6266 6268 6276 9303 9307 9329 9330 9331 9336 9337 9340 9341 9353 9357 9358 9361 9370 9372 9375 9377 9381 9382 9383 9386 9392 9393 9394 9399 9403 9404 9405 9408 9409 9410 9411 9412 9413 9415 9416 9419 9420 9427 9428 9429 9430 9433 9434 9442 9444 9445 9446 9447 9452 9453 9454 9455 9456 9459 9460 9461 9468 9469 9470 9471 9475 9476 9477 9482 9483 9486 9487 9488 9492 9493 9500 9501 9502 9504 9505 9506 9507 9508 9512 9513 9514 9515 9517 9518 9521 9522 9527 9528 9529 9532 9535 9536 9537 9538 9539 9542 9543 9548 9549 9550 9551 9552 9553 9557 9558 9559 9563 9564 9566 9567 9568 9569 9571 9575 9578 9579 9581 9582 9583 9588 9589 9590 9591 9592 9593 9598 9599 9600 9603 9604 9607 9608 9609 9615 9616 9620 9621 9625 9626 9627 9631 9632 9634 9635 9636 9637 9638 9639 9643 9644 9645 9647 9648 9649 9653 9654 9655 9656 9657 9658 9659 9660 9661 9665 9666 9668 9669 9670 9672 9673 9674 9675 9676 9679 9680 9681 9682 9683 9684 9685 9686 9687 9688 9689 9690 9691 9692 9693 9694 9695 9696 9697 9698 9700 9701 9703 9704 9705 9707 9708 9710 9711 9712 9713 9714 9715 9718 9719 9722 9723 9724 9728 9729 9731 9732 9735 9736 9737 9738 9743 9744 9747 9749 9750 9751 9756 9757 9760 9761 9767 9768 9769 9770 9772 9773 9776 9777 9778 9779 9782 9787 9789 9792 9793 9797 9799 9800 9802 9808 9809 9810 9812 9813 9816 9822 9823 9829 9830 9837 9841 9842 9851 9852 9857 9858 9873 9876 9881 9886 9887 9908 9909 9915 10072 10073 10084 10098 10108 10113 10114 10129 10142 10146 10157 10166 10167 10174 10175 10187 10195 10198 10199 10200 10211 10212 10213 10219 10227 10229 10230 10236 10237 10238 10245 10246 10262 10264 10265 10266 10274 10275 10279 10285 10289 10295 10300 10301 10306 10307 10310 10311 10320 10321 10323 10324 10331 10332 10333 10334 10341 10342 10343 10356 10358 10359 10360 10362 10369 10374 10375 10379 10390 10391 10393 10394 10395 10400 10402 10403 10407 10410 10411 10416 10418 10419 10420 10422 10423 10424 10425 10429 10430 10437 10438 10439 10442 10447 10448 10451 10452 10453 10460 10465 10466 10467 10471 10472 10473 10481 10482 10488 10493 10494 10500 10502 10505 10506 10511 10512 10519 10520 10521 10524 10525 10531 10532 10533 10536 10537 10540 10541 10542 10543 10544 10549 10551 10552 10553 10558 10559 10560 10564 10565 10566 10572 10573 10574 10576 10577 10578 10580 10581 10582 10587 10588 10593 10594 10601 10602 10607 10609 10610 10611 10612 10613 10614 10616 10622 10623 10624 10629 10630 10631 10632 10633 10638 10639 10643 10644 10645 10649 10650 10651 10654 10659 10660 10664 10665 10666 10668 10669 10675 10676 10677 10678 10681 10682 10683 10684 10687 10691 10695 10696 10697 10700 10701 10702 10706 10707 10714 10715 10716 10724 10732 10733 10734 10735 10737 10742 10747 10748 10754 10760 10767 10768 10770 10771 10787 10789 10790 10791 10798 10799 10800 10808 10809 10814 10815 10819 10820 10821 10822 10823 10824 10831 10832 10833 10837 10842 10847 10848 10849 10850 10854 10855 10856 10860 10864 10867 10868 10871 10873 10874 10875 10876 10882 10883 10890 10895 10896 10899 10901 10906 10907 10910 10912 10917 10922 10976 10977 10984 10989 10991 10998 10999 11002 11007 11009 11010 11013 11019 11027 11028 11030 11036 11039 11040 11042 11050 11051 11053 11054 11056 11057 11059 11062 11063 11064 11070 11072 11075 11076 11077 11078 11080 11081 11083 11085 11090 11091 11094 11095 11096 11098 11099 11100 11101 11103 11104 11107 11112 11113 11114 11117 11118 11122 11123 11125 11126 11127 11131 11134 11135 11136 11139 11143 11145 11146 11150 11151 11155 11159 11160 11161 11166 11167 11168 11172 11173 11175 11179 11180 11184 11185 11186 11188 11189 11193 11200 11204 11205 11209 11210 11213 11214 11215 11217 11218 11224 11230 11237 11238 11239 11244 11245 11249 11254 11255 11257 11263 11264 11269 11272 11276 11279 11280 11288 11289 11292 11294 11305 11309 11310 11313 11323 11328 11332 11342 11343 11351 11366 11371 11379 11385 11394 11401 18832 18840 18853 18883 18888 18927 18945 18995 
	}
	naval_terrain=water_planets
	weather={
	}
}
