
strategic_region={
	id=19
	name="STRATEGICREGION_19"
	provinces={
		133 135 141 146 227 228 235 242 284 287 301 320 329 336 370 394 410 453 472 473 492 524 547 2060 2061 2063 2064 2066 2068 2070 2071 2072 2074 2076 2077 2080 2081 2082 2083 2084 2085 2112 2115 2116 2117 2118 2119 2122 2123 2125 2127 2128 2130 2131 2132 2134 2154 2155 2158 2163 2164 2165 2167 2168 2169 2173 2174 2175 2178 2181 2182 2184 2185 2186 2187 2189 2191 2192 2193 2194 2195 2196 2236 2241 2242 2243 2249 2250 2251 2254 2255 2256 2258 2259 2260 2299 2300 2308 2309 2312 2318 2319 2321 2322 2328 2329 2331 2332 3029 3030 3036 3044 3045 3048 3056 3057 3059 3060 3061 3064 3070 3071 3073 3074 3075 3078 3083 3084 3086 3440 3442 3447 3449 
	}
	weather={
	}
}
