
strategic_region={
	id=2
	name="STRATEGICREGION_2"
	provinces={
		176 195 527 1160 1161 1162 1163 1164 1165 1166 1167 1168 1169 1170 1171 1172 1173 1174 1175 1176 3260 3261 3262 3263 3510 3513 3518 3520 3523 3530 3855 3869 3874 7918 7919 7927 7928 7929 7937 7941 7943 7946 7951 7952 7960 7961 7963 7971 7975 7980 7983 7988 8025 8026 8035 8039 8040 8046 8062 8063 8067 8068 8078 8090 8091 8092 8102 8103 8110 8111 8124 8129 8166 8167 8168 8171 8172 8176 8178 8179 8180 8181 8185 8186 8189 8190 8191 8192 8193 8194 8196 8201 8202 8203 8204 8205 8207 8208 8210 8211 8212 8215 8221 8224 8225 8226 8231 8232 8233 8236 8237 8238 8239 8240 8245 8246 8251 8252 8256 8263 8264 8265 8273 8274 8275 8276 8284 8285 8286 8294 8297 8298 8302 8306 8307 8325 8326 8327 8333 8334 8350 8358 8382 8383 8386 8392 8393 8394 8402 8405 8409 8410 8411 8415 8419 8420 8424 8426 8427 8428 8434 8435 8441 8446 8449 8450 8455 8456 8466 8467 8476 8477 8478 8479 8488 8493 8499 10441 10520 10521 10522 10523 10524 10525 10526 10527 10528 10529 10530 10531 10532 10533 10534 10535 10536 10537 10538 10539 
	}
	weather={
		period={
			between={ 0.0 0.0 }
			temperature={ -10.0 35.0 }
			no_phenomenon=1.500
			rain_light=0.250
			rain_heavy=0.100
			snow=0.000
			blizzard=0.000
			arctic_water=0.000
			mud=0.000
			sandstorm=0.000
			min_snow_level=0.000
		}
	}
}
