
strategic_region={
	id=2
	name="STRATEGICREGION_1"
	provinces={
		35 74 159 220 250 298 299 313 315 323 393 418 433 602 660 722 803 839 913 936 952 980 1056 1063 1088 1116 1119 1122 1125 1171 1188 1232 1239 1317 1346 1388 1420 1468 1469 1503 1542 1544 1562 1587 1590 1667 1716 1833 1865 1900 1948 1977 2116 2168 2225 2246 2404 2416 2423 2454 2458 2459 2494 2548 2618 2630 2633 2720 2763 2788 2808 2811 2854 2862 2921 2982 3047 3095 3113 3165 3207 3233 3240 3276 3351 3377 3399 3417 3427 3481 3512 3617 3654 3734 3759 3777 3838 3886 4111 4130 4143 4158 4265 4384 4396 4405 4493 4544 4630 4634 4658 4673 4699 4704 4714 4727 4728 4836 4889 4892 4909 4927 4932 4938 4961 4995 5061 5151 5180 5187 5203 5275 5286 5315 5349 5358 5458 5484 5498 5507 5528 5602 5658 5660 5666 5737 5741 5825 5830 5934 5949 5950 5960 5969 6109 6132 11645 11646 11660 11662 11675 11677 11678 11688 11689 11692 11693 11696 11710 11711 11713 11716 11721 11723 11729 11730 11734 11735 11738 11740 11746 11751 11752 11754 11755 11764 11775 11777 11784 11793 11795 11798 11805 11810 11814 11822 11824 11827 11832 11833 11838 11843 11844 11846 11848 11856 11861 11863 11865 11866 11874 11875 11881 11882 11885 11887 11888 11889 11898 11900 11901 11906 11911 11912 11915 11916 11919 11924 11926 11929 11930 11933 11935 11938 11939 11941 11946 11947 11948 11956 11961 11962 11967 11973 11974 11978 11981 11985 11986 11987 11990 11991 11999 12007 12012 12015 12020 12028 12035 12039 12043 12047 12048 12050 12052 12058 12066 12069 12070 12073 12074 12083 12092 12096 12097 12108 12115 12125 12129 12134 12140 12143 12151 12152 12157 12165 12168 12172 12181 12185 12191 12205 12206 12219 12222 12225 12236 12239 12240 12241 12242 12247 12251 12252 12253 12254 12267 12274 12275 12276 12277 12279 12280 12288 12293 12296 12303 12304 12309 12310 12311 12312 12313 12325 12326 12332 12333 12334 12339 12340 12341 12342 12343 12351 12366 12367 12368 12374 12375 12381 12383 12384 12388 12389 12396 12397 12398 12402 12403 12404 12405 12413 12415 12416 12423 12427 12432 12433 12434 12435 12439 12440 12449 12452 12453 12454 12459 12474 12481 12482 12483 12486 12492 12493 12499 12505 12510 12511 12514 12516 12517 12518 12528 12532 12535 12536 12537 12539 12540 12543 12548 12558 12562 12563 12564 12565 12569 12571 12576 12577 12578 12585 12597 12599 12600 12608 12626 12632 12633 12634 12635 12639 12643 12651 12652 12661 12677 12678 12680 12686 12690 12691 12698 12699 12700 12712 12714 12715 12727 12744 12752 12758 12759 12772 12784 12788 12793 12794 12795 12810 12813 12819 12834 12835 18869 18880 
	}
	naval_terrain=water_planets
	weather={
		period={
			between={ 0.0 0.0 }
			temperature={ -10.0 35.0 }
			no_phenomenon=1.500
			rain_light=0.250
			rain_heavy=0.100
			snow=0.000
			blizzard=0.000
			arctic_water=0.000
			mud=0.000
			sandstorm=0.000
			min_snow_level=0.000
		}
	}
}
