
strategic_region={
	id=20
	name="STRATEGICREGION_20"
	provinces={
		131 161 165 288 371 458 488 517 549 1980 1981 1987 1988 1989 1992 1993 1994 1995 1996 1997 1998 1999 2000 2001 2002 2003 2004 2005 2006 2007 2008 2009 2086 2087 2088 2089 2090 2091 2092 2093 2095 2097 2098 2101 2102 2104 2105 2106 2109 2110 2199 2200 2204 2205 2207 2209 2212 2213 2215 2216 2219 2222 2224 2226 2229 2232 3049 3050 3055 3079 3080 3082 3097 3098 3099 3100 3101 3102 3103 3438 3452 3457 3638 3957 5818 5819 5820 5822 5827 5828 5830 5831 5835 5836 5840 5844 5845 5847 5848 5849 5853 5855 5856 5858 5859 5860 5865 5866 5872 5874 5875 5876 5877 5882 5886 5887 5892 5893 5896 5897 5902 5960 5961 5962 5968 5970 5974 5978 5986 5988 5989 5991 5992 5993 5997 6004 6005 6006 6007 6009 6010 6011 6014 6015 6016 6019 6022 6024 6026 6030 6031 6032 6034 6035 6039 6040 6043 6208 6209 6211 6212 6213 6216 6223 6224 6232 6233 6241 6246 6247 6257 6267 6268 6279 6280 6295 6307 6385 6386 6389 6391 6401 6402 6406 6408 6412 6415 6420 6423 6424 6439 6440 6441 6447 6453 6466 10958 10959 10960 10961 10962 10963 11213 11215 11216 11217 11218 
	}
	weather={
		period={
			between={ 0.0 0.0 }
			temperature={ -10.0 35.0 }
			no_phenomenon=1.500
			rain_light=0.250
			rain_heavy=0.100
			snow=0.000
			blizzard=0.000
			arctic_water=0.000
			mud=0.000
			sandstorm=0.000
			min_snow_level=0.000
		}
	}
}
