
strategic_region={
	id=20
	name="STRATEGICREGION_20"
	provinces={
		50 90 97 169 222 241 258 309 310 346 390 431 433 459 507 2156 2157 2159 2160 2161 2162 2166 2170 2171 2172 2176 2177 2179 2180 2183 2188 2190 2231 2233 2234 2235 2237 2238 2239 2240 2244 2245 2246 2247 2248 2252 2253 2257 2261 2262 2263 2264 2265 2266 2267 2268 2269 2270 2271 2272 2273 2274 2275 2276 2277 2278 2279 2280 2281 2282 2283 2284 2285 2286 2287 2288 2289 2290 3038 3039 3040 3041 3042 3043 3046 3047 3051 3058 3062 3063 3428 3431 3432 3433 
	}
	weather={
	}
}
