
strategic_region={
	id=21
	name="STRATEGICREGION_21"
	provinces={
		101 403 425 537 1724 1725 1728 1729 1733 1734 1743 1744 1745 1750 1753 1757 1763 1770 3151 3155 3414 3458 3482 3485 3496 3816 3956 4012 6197 6198 6200 6202 6203 6206 6207 6210 6214 6215 6220 6221 6222 6225 6226 6230 6231 6238 6239 6240 6245 6263 6264 6265 6266 6278 6289 6290 6293 6294 6300 6306 6313 6317 6328 6329 6331 6373 6374 6379 6380 6383 6384 6388 6390 6395 6396 6399 6404 6405 6411 6417 6418 6419 6422 6433 6438 6446 6480 6481 6492 6493 6499 6506 6507 6514 6524 6529 6531 6536 6537 6553 6558 6566 6567 6569 6574 6577 6579 6580 6587 6591 6592 6596 6602 6603 6604 6607 6609 6618 6619 6667 6669 6670 6675 6676 6679 6680 6681 6682 6683 6684 6686 6687 6689 6690 6693 6694 6702 6703 6705 6706 6707 6708 6711 6712 6713 6718 6719 6720 6723 6724 6725 6726 6729 6734 6735 6737 6738 6739 6742 6743 6744 6749 6750 6751 6754 6755 6760 6761 6764 6765 6766 6768 6769 6770 6776 6783 6786 6787 6792 6832 6833 6839 6843 6844 6851 6858 6860 6865 6869 6870 6872 6886 6887 6893 6895 6896 6901 6902 6913 6914 6915 6921 6922 6926 6929 6932 6933 6936 6937 6941 6942 6943 6945 6950 6953 6954 6961 6962 6966 6972 6973 6975 6977 6982 6984 6992 7000 7001 7008 7011 7026 7027 7045 7229 7230 7238 7247 7253 7257 7258 7274 7278 7283 7288 7289 7297 7302 7307 7313 7314 7319 7390 7391 7396 7398 7399 7400 7402 7403 7407 7410 7411 7412 7413 7414 7415 7416 7421 7422 7425 7426 7427 7429 7430 7432 7433 7434 7436 7437 7438 7442 7445 7451 7453 7454 7455 7462 10350 10384 10398 10401 10422 10423 10738 10855 10904 10905 10908 10910 10911 10912 10913 10914 10915 10916 10920 10921 10922 10923 10924 10925 10926 10927 10928 10929 10930 10931 10932 10933 10934 10935 10936 10937 10939 10940 10941 10942 10943 10944 10945 10946 10953 
	}
	weather={
		period={
			between={ 0.0 0.0 }
			temperature={ -10.0 35.0 }
			no_phenomenon=1.500
			rain_light=0.250
			rain_heavy=0.100
			snow=0.000
			blizzard=0.000
			arctic_water=0.000
			mud=0.000
			sandstorm=0.000
			min_snow_level=0.000
		}
	}
}
