
strategic_region={
	id=21
	name="STRATEGICREGION_21"
	provinces={
		95 192 216 313 324 426 443 461 464 2291 2292 2293 2295 2296 2298 2301 2305 2306 2307 2310 2313 2315 2316 2317 2323 2324 2333 2334 2335 2336 2337 2338 2339 2340 2341 2342 2343 2344 2345 2346 2347 2425 2426 2430 2432 2433 2436 2437 2438 2439 2440 2441 2442 2445 2446 2449 2450 3008 3009 3012 3026 3027 3028 3033 3034 3037 3416 3424 3429 3831 4003 4026 4027 4028 4029 5211 5282 5283 5284 5293 5294 5295 5299 5300 5303 5305 5309 5310 5312 5313 5314 5316 5317 5318 5319 5320 5321 5322 5323 5324 5325 5326 5327 5328 5329 5330 5331 5332 5333 5334 5335 5336 5337 5338 5339 5340 5341 5342 5343 5344 5345 5346 5347 5350 5351 5352 5354 5355 5356 5357 5358 5361 5362 5364 5365 5367 5368 5370 5374 5375 5376 5384 11255 11256 11257 11258 11259 11260 11261 
	}
	weather={
		period={
			between={ 0.0 30.11 }
			temperature={ -10.0 35.0 }
			no_phenomenon=1.500
			rain_light=0.250
			rain_heavy=0.100
			snow=0.000
			blizzard=0.000
			arctic_water=0.000
			mud=0.000
			sandstorm=0.000
			min_snow_level=0.000
		}
	}
}
