
strategic_region={
	id=21
	name="STRATEGICREGION_21"
	provinces={
		39 51 73 78 83 87 204 237 253 260 273 283 294 318 357 386 406 514 531 544 547 550 609 729 912 963 970 1031 1047 1049 1057 1062 1127 1201 1407 1491 1543 1656 1666 1709 1711 1737 1757 1769 1842 1879 1898 1915 1918 1973 1994 2045 2112 2134 2160 2214 2230 2251 2328 2362 2399 2409 2485 2497 2537 2675 2706 2710 2712 2762 2897 2964 2975 2994 3151 3177 3194 3203 3227 3270 3312 3359 3365 3401 3464 3491 3494 3505 3550 3558 3669 3690 3745 3791 3802 3803 3806 3818 3869 3885 3901 3954 3965 4033 4059 4105 4115 4150 4159 4190 4191 4210 4212 4241 4283 4314 4357 4358 4453 4500 4502 4505 4513 4533 4633 4723 4741 4767 4854 4856 4861 4871 4886 4982 5036 5037 5177 5191 5211 5234 5260 5261 5268 5299 5300 5396 5399 5406 5432 5525 5599 5654 5662 5698 5704 5711 5777 5821 5831 5879 5920 5939 5948 5951 5998 6009 6011 6068 6072 6129 6176 6177 6219 6236 6273 13650 13657 13668 13672 13679 13684 13691 13698 13702 13703 13706 13715 13720 13726 13730 13731 13742 13743 13754 13755 13756 13765 13780 13782 13786 13792 13793 13799 13808 13815 13823 13824 13827 13828 13836 13837 13851 13852 13853 13857 13858 13859 13866 13870 13871 13874 13879 13880 13887 13888 13889 13892 13896 13902 13903 13904 13905 13910 13913 13914 13917 13918 13919 13927 13931 13936 13941 13945 13946 13947 13950 13951 13952 13961 13977 13978 13985 13986 13989 13990 13993 13999 14000 14006 14007 14008 14015 14023 14031 14039 14040 14041 14044 14050 14051 14052 14057 14060 14065 14073 14074 14075 14078 14079 14082 14083 14088 14093 14097 14103 14104 14107 14108 14109 14111 14116 14120 14127 14128 14137 14138 14142 14143 14148 14156 14158 14159 14164 14167 14168 14171 14173 14174 14180 14181 14182 14188 14190 14195 14199 14207 14208 14216 14217 14227 14228 14232 14244 14245 14255 14257 14269 14276 14281 14287 14311 14316 14317 14760 14761 14765 14769 14770 14774 14775 14777 14780 14781 14782 14783 14784 14785 14786 14787 14788 14789 14790 14791 14792 14795 14796 14797 14799 14800 14802 14803 14804 14806 14807 14808 14810 14811 14812 14815 14816 14817 14821 14822 14823 14824 14825 14826 14833 14836 14837 14838 14839 14840 14841 14843 14845 14848 14850 14851 14853 14857 14858 14859 14865 14869 14870 14871 14872 14874 14875 14879 14880 14884 14885 14891 14892 14898 14902 14903 14904 14905 14910 14919 14920 14924 14925 14931 14932 14937 14946 14947 14950 14951 14956 14957 14958 14960 14969 14970 14974 14982 14984 14985 14986 15005 15014 15022 15031 15032 15033 15042 15043 15069 15073 15074 15078 15085 15086 15090 15091 15119 15120 15125 15142 15143 15150 15163 15166 15173 15179 15188 15190 15191 15206 15207 15211 15212 15242 15247 15266 15292 15293 15294 16011 16012 16014 16021 16032 16038 16039 16040 16054 16058 16059 16068 16070 16071 16072 16077 16088 16091 16092 16098 16104 16105 16106 16110 16114 16117 16122 16125 16126 16132 16134 16135 16143 16150 16151 16153 16154 16155 16157 16158 16159 16160 16171 16172 16178 16179 16180 16181 16182 16183 16184 16187 16191 16192 16197 16201 16202 16208 16211 16214 16215 16218 16219 16223 16231 16233 16234 16236 16237 16243 16249 16251 16252 16253 16259 16260 16262 16272 16277 16278 16283 16284 16285 16286 16291 16292 16297 16302 16303 16306 16309 16311 16313 16316 16318 16325 16326 16330 16333 16336 16341 16343 16349 16350 16358 16359 16362 16363 16364 16368 16369 16370 16378 16379 16384 16385 16386 16388 16389 16390 16391 16392 16394 16400 16405 16408 16409 16412 16413 16414 16416 16421 16423 16424 16426 16430 16431 16433 16438 16439 16443 16448 16450 16451 16453 18693 18783 18851 18860 18967 19009 19015 
	}
	naval_terrain=water_planets
	weather={
	}
}
