
strategic_region={
	id=22
	name="STRATEGICREGION_22"
	provinces={
		10 38 94 153 159 231 332 350 493 503 556 2628 2629 2630 2631 2632 2633 2636 2637 2638 2639 2640 2642 2645 2646 2647 2648 2651 2654 2655 2656 2657 2661 2663 2664 2665 2668 2670 2671 2672 2673 2674 2675 2676 2677 2678 2679 2680 2681 2682 2683 2684 2685 2686 2687 2688 2689 2690 2962 2963 2964 2965 2966 2968 2969 2972 2973 3388 3395 
	}
	weather={
		period={
			between={ 0.0 30.11 }
			temperature={ -10.0 35.0 }
			no_phenomenon=1.500
			rain_light=0.250
			rain_heavy=0.100
			snow=0.000
			blizzard=0.000
			arctic_water=0.000
			mud=0.000
			sandstorm=0.000
			min_snow_level=0.000
		}
	}
}
