
strategic_region={
	id=22
	name="STRATEGICREGION_22"
	provinces={
		6 60 105 115 203 261 279 285 375 467 543 1689 1690 1694 1696 1697 1701 1705 1833 1834 1835 1836 1837 1838 1839 1840 1842 1843 1844 1845 1848 1849 1851 1854 1855 1862 1863 1864 1867 1868 1869 1874 1879 1880 1882 1883 1888 1889 1892 1901 1907 1915 1917 1920 1924 1925 1930 1935 1940 1945 1950 1951 1954 1957 1963 1964 1972 1973 3109 3111 3112 3114 3115 3125 3127 3131 3132 3134 3167 3168 3169 3461 3465 3470 3471 6831 6834 6835 6845 6852 6853 6854 6861 6866 6877 6878 6882 6888 6897 6903 6904 6905 6906 6916 6917 6918 6923 6924 6934 6938 6939 6946 6947 6951 6952 6955 6956 6957 6958 6959 6960 6963 6964 6965 6967 6968 6969 6970 6971 6974 6976 6978 6979 6983 6985 6986 6987 6993 6994 6995 6996 7004 7005 7006 7009 7010 7012 7013 7014 7015 7016 7017 7020 7028 7029 7032 7033 7034 7035 7036 7037 7038 7049 7050 7053 7056 7057 7062 7063 7064 7067 7070 7073 7076 7077 7082 7083 7084 7087 7090 7097 7098 7101 7105 7116 7117 7125 7131 7132 7134 7140 7142 7148 7159 7160 7163 7167 7170 7173 7176 7178 7184 7185 7187 7190 7234 7239 7240 7248 7249 7259 7268 7269 7270 7279 7280 7290 7291 7298 7303 7308 7310 7315 7320 7325 7326 10405 10413 10975 10979 10981 10982 10983 10985 10986 10987 10988 10989 10991 10992 10995 10998 10999 11000 11003 11004 11007 11009 11013 
	}
	weather={
		period={
			between={ 0.0 0.0 }
			temperature={ -10.0 35.0 }
			no_phenomenon=1.500
			rain_light=0.250
			rain_heavy=0.100
			snow=0.000
			blizzard=0.000
			arctic_water=0.000
			mud=0.000
			sandstorm=0.000
			min_snow_level=0.000
		}
	}
}
