
strategic_region={
	id=22
	name="STRATEGICREGION_22"
	provinces={
		11 126 216 233 254 259 372 394 463 501 513 618 638 792 795 871 953 1300 1362 1369 1438 1484 1492 1528 1595 1661 1668 1683 1694 1714 1740 1763 1773 1795 1804 1807 1815 1863 1938 1966 2006 2035 2078 2119 2128 2224 2233 2278 2475 2503 2595 2668 2738 2840 2878 2879 2890 3063 3117 3118 3219 3282 3306 3334 3369 3440 3443 3458 3530 3548 3612 3852 4010 4031 4062 4180 4183 4187 4198 4220 4233 4256 4367 4381 4385 4391 4392 4460 4461 4463 4546 4562 4563 4576 4582 4712 4779 4785 4799 4899 4900 4913 4948 5040 5112 5113 5142 5145 5259 5278 5324 5427 5431 5483 5501 5558 5568 5610 5643 5646 5675 5739 5859 5918 5984 6043 6073 6095 6151 6174 6180 6230 6250 6256 6265 14855 14856 14862 14868 14889 14890 14901 14908 14909 14914 14923 14934 14935 14936 14943 14944 14955 14959 14962 14963 14966 14967 14968 14973 14990 14991 14996 14997 15012 15013 15021 15024 15030 15039 15040 15041 15052 15065 15068 15072 15077 15098 15105 15106 15113 15114 15115 15118 15124 15133 15134 15141 15149 15152 15160 15161 15162 15165 15171 15172 15178 15189 15200 15204 15205 15210 15221 15226 15232 15233 15245 15246 15257 15258 15259 15271 15272 15281 15282 15300 15301 15310 15311 15312 15323 15324 15325 15328 15329 15338 15349 15355 15364 15365 15371 15375 15386 15387 15398 15405 15406 15413 15415 15416 15417 15422 15427 15428 15433 15442 15450 15454 15455 15458 15459 15472 15473 15485 15486 15491 15495 15496 15501 15508 15509 15523 15524 15530 15540 15541 15552 15553 15564 15565 15571 15575 15579 15588 15594 15605 15608 15619 15623 15746 15747 15749 15750 15756 15757 15759 15761 15762 15763 15765 15766 15769 15774 15775 15776 15777 15778 15784 15785 15791 15792 15793 15795 15800 15802 15803 15804 15810 15811 15812 15813 15815 15819 15820 15826 15827 15830 15831 15832 15837 15839 15841 15842 15846 15851 15854 15855 15856 15857 15862 15864 15866 15869 15870 15872 15878 15881 15882 15883 15885 15887 15890 15895 15896 15903 15905 15906 15907 15909 15913 15922 15923 15930 15931 15937 15938 15939 15947 15948 15949 15954 15955 15956 15960 15965 15966 15969 15970 15973 15978 15981 15982 15987 15988 15989 15997 16007 16009 16010 16013 16025 16031 16034 16035 16036 16037 16045 16048 16051 16057 16062 16063 16064 16066 16067 16076 16079 16081 16090 16096 16097 16116 16131 16142 18683 18721 18767 18823 18938 
	}
	naval_terrain=water_planets
	weather={
		period={
			between={ 0.0 0.0 }
			temperature={ -10.0 35.0 }
			no_phenomenon=1.500
			rain_light=0.250
			rain_heavy=0.100
			snow=0.000
			blizzard=0.000
			arctic_water=0.000
			mud=0.000
			sandstorm=0.000
			min_snow_level=0.000
		}
	}
}
