
strategic_region={
	id=23
	name="STRATEGICREGION_23"
	provinces={
		9 29 32 91 95 141 147 148 172 192 201 206 248 314 344 354 368 384 413 436 502 657 663 668 670 730 741 743 767 775 818 849 859 877 919 940 1000 1002 1045 1050 1075 1078 1079 1087 1109 1118 1142 1189 1197 1238 1253 1302 1304 1320 1327 1332 1361 1430 1431 1464 1510 1578 1584 1589 1611 1624 1636 1650 1692 1785 1809 1810 1817 1824 1846 1851 1883 1926 1930 1954 2024 2043 2123 2130 2163 2179 2180 2202 2223 2262 2378 2386 2408 2413 2415 2444 2476 2481 2483 2489 2591 2597 2641 2646 2686 2691 2693 2734 2764 2831 2841 2851 2942 2965 2969 2974 2989 2990 3013 3058 3073 3093 3138 3173 3184 3188 3195 3222 3257 3291 3311 3335 3343 3414 3419 3488 3504 3519 3546 3575 3582 3587 3605 3616 3675 3683 3706 3728 3729 3733 3742 3765 3766 3785 3794 3797 3825 3833 3867 3877 3893 3906 3948 3964 3982 4066 4073 4084 4109 4129 4135 4154 4186 4188 4199 4211 4218 4230 4248 4310 4315 4341 4399 4447 4448 4449 4468 4514 4525 4532 4534 4539 4580 4595 4598 4643 4660 4694 4698 4791 4818 4819 4845 4850 4905 4911 4987 4991 5033 5047 5048 5074 5150 5157 5213 5225 5226 5281 5334 5363 5422 5502 5511 5512 5515 5519 5547 5570 5641 5692 5697 5722 5731 5733 5828 5887 5905 5925 5970 5973 5988 6014 6027 6030 6052 6055 6059 6084 6086 6110 6119 6207 6222 6270 16514 16515 16520 16525 16529 16532 16533 16535 16536 16539 16542 16543 16547 16548 16550 16552 16553 16555 16558 16560 16561 16562 16563 16567 16573 16574 16575 16577 16578 16581 16584 16585 16591 16592 16593 16594 16595 16596 16597 16598 16601 16602 16606 16607 16610 16611 16612 16613 16614 16615 16616 16617 16618 16619 16621 16623 16624 16630 16632 16633 16635 16637 16638 16639 16640 16641 16642 16643 16646 16647 16652 16654 16655 16657 16658 16659 16663 16666 16667 16668 16669 16670 16671 16676 16680 16681 16682 16683 16688 16689 16691 16692 16693 16694 16695 16696 16697 16700 16702 16704 16705 16710 16711 16712 16713 16714 16715 16716 16717 16718 16719 16720 16721 16722 16727 16728 16730 16731 16732 16734 16735 16736 16737 16738 16739 16741 16742 16744 16745 16747 16748 16749 16750 16752 16753 16754 16755 16756 16757 16758 16759 16762 16763 16764 16765 16768 16769 16770 16771 16774 16775 16776 16779 16780 16783 16784 16785 16787 16788 16789 16790 16791 16794 16795 16796 16797 16799 16800 16801 16802 16803 16809 16810 16812 16813 16814 16817 16818 16820 16821 16822 16827 16828 16829 16833 16834 16837 16838 16839 16845 16846 16847 16850 16852 16853 16854 16860 16861 16863 16864 16867 16868 16869 16870 16873 16874 16878 16879 16881 16888 16891 16892 16893 16896 16898 16899 16900 16901 16905 16907 16914 16915 16916 16917 16918 16919 16920 16921 16924 16925 16927 16928 16929 16930 16935 16938 16946 16947 16950 16953 16965 16972 16973 16976 16981 16986 16988 16989 16991 16993 16994 16999 17004 17011 17018 17022 17025 17031 17032 17039 17040 17041 17052 17053 17058 17063 17067 17068 17075 17076 17077 17084 17085 17088 17089 17095 17096 17101 17107 17110 17114 17123 17124 17125 17131 17132 17139 17140 17141 17149 17159 17161 17169 17170 17171 17180 17181 17182 17183 17190 17191 17194 17198 17202 17212 17213 17214 17224 17230 17231 17237 17242 17243 17250 17251 17272 17273 17277 17278 17282 17289 17303 17318 17323 17324 17325 17339 17345 17348 17349 17359 17360 17361 17373 17374 17384 17390 17394 17395 17406 17407 17413 17414 17419 17420 17421 17422 17425 17426 17429 17430 17431 17436 17442 17443 17444 17445 17450 17451 17452 17457 17461 17465 17466 17467 17468 17475 17476 17477 17483 17484 17489 17490 17496 17501 17502 17508 17509 17510 17515 17516 17517 17523 17524 17525 17530 17531 17532 17535 17543 17544 17548 17552 17553 17558 17559 17564 17565 17575 17576 17577 17581 17582 17583 17584 17588 17592 17593 17595 17597 17604 17605 17606 17608 17609 17610 17614 17615 17616 17623 17627 17629 17630 17632 17636 17637 17641 17642 17643 17644 17646 17647 17648 17654 17661 17662 17665 17666 17668 17670 17675 17676 17677 17678 17679 17683 17684 17688 17689 17693 17695 17698 17701 17705 17708 17709 17712 17713 17717 17720 17722 17723 17726 17731 17732 17734 17739 17742 17743 17745 17746 17747 17748 17749 17752 17754 17755 17756 17757 17758 17763 17764 17765 17768 17772 17773 17782 17783 17785 17786 17789 17790 17794 17799 17800 17804 17805 17806 17807 17808 17811 17812 17815 17822 17823 17825 17826 17827 17829 17830 17831 17833 17834 17835 17838 17841 17842 17843 17844 17846 17847 17848 17849 17851 17854 17856 17857 17859 17860 17861 17864 17865 17866 17869 17870 17873 17874 17877 17879 17880 17881 18706 18711 18834 18864 18889 18917 18993 
	}
	naval_terrain=water_planets
	weather={
		period={
			between={ 0.0 0.0 }
			temperature={ -10.0 35.0 }
			no_phenomenon=1.500
			rain_light=0.250
			rain_heavy=0.100
			snow=0.000
			blizzard=0.000
			arctic_water=0.000
			mud=0.000
			sandstorm=0.000
			min_snow_level=0.000
		}
	}
}
