
strategic_region={
	id=23
	name="STRATEGICREGION_23"
	provinces={
		42 123 189 201 214 221 233 236 278 361 376 413 456 520 526 1797 1798 1804 1805 1808 1810 1816 1817 1818 1819 1820 1824 1825 1826 1827 1828 1830 1831 1832 1912 1913 1921 1926 1927 1931 1932 1937 1938 1941 1942 1946 1947 1952 1953 1955 1956 1958 1959 1960 1961 1962 1965 1966 1967 1968 1969 1970 1971 1974 1975 1976 1977 1978 1979 1982 1983 1984 1985 1986 1990 1991 2898 3104 3105 3106 3107 3108 3110 3113 3119 3120 3135 3141 3439 3451 3462 3463 3464 3473 3636 3943 4004 4005 4015 6048 6049 6052 6054 6056 6057 6058 6060 6063 6065 6068 6069 6071 6074 6075 6079 6080 6085 6089 6090 6092 6094 6098 6099 6100 6101 6104 6105 6107 6109 6110 6113 6115 6116 6118 6119 6122 6123 6640 6641 6646 6649 6655 6656 6661 6662 6663 6671 6672 6677 6678 6685 6688 6691 6692 6695 6696 6697 6698 6699 6700 6701 6704 6709 6710 6714 6715 6716 6717 6721 6722 6727 6728 6730 6736 6740 6741 6745 6746 6747 6748 6752 6753 6756 6757 6762 6767 6771 6772 6773 6774 6777 6778 6779 6784 6785 6788 6789 6790 6793 6794 6796 6797 6798 6800 6803 6804 6809 6810 6811 6813 6816 6817 6823 6825 6826 6827 6828 6840 6841 6846 6847 6855 6856 6862 6867 6868 6873 6874 6879 6880 6883 6884 6889 6890 6894 6898 6899 6907 6908 6910 6911 6927 6928 6930 6931 6935 6940 6944 6948 6949 10368 10381 10407 10955 10956 10957 10964 10965 10966 10967 10968 10969 10970 10971 10972 10973 10974 10976 10977 10978 10980 10984 
	}
	naval_terrain=water_hyperlane
	weather={
		period={
			between={ 0.0 0.0 }
			temperature={ -10.0 35.0 }
			no_phenomenon=1.500
			rain_light=0.250
			rain_heavy=0.100
			snow=0.000
			blizzard=0.000
			arctic_water=0.000
			mud=0.000
			sandstorm=0.000
			min_snow_level=0.000
		}
	}
}
