
strategic_region={
	id=24
	name="STRATEGICREGION_24"
	provinces={
		14 23 33 82 84 156 182 188 269 333 353 372 406 418 420 442 450 491 496 514 1539 1540 1547 1548 1553 1556 1562 1563 1564 1567 1570 1573 1574 1575 1577 1581 1583 1585 1589 1590 1658 1659 1664 1665 1668 1671 1673 1674 1676 1677 1678 1679 1680 1681 1682 1685 1686 1687 1711 1712 1715 1716 1718 1722 1730 1731 1736 1738 1739 1740 1741 1742 1746 1747 1748 1749 1751 1752 1754 1755 1756 1758 1759 1760 1761 1762 1764 1765 1766 1767 1768 1769 1771 1772 1773 1774 1775 1776 1777 1778 1779 1780 1781 1782 1783 1784 1785 1786 1787 1788 1789 1790 1792 1795 1796 1800 1806 1807 1814 1815 3139 3140 3143 3144 3145 3146 3147 3148 3149 3150 3153 3154 3156 3157 3160 3161 3162 3164 3171 3172 3175 3191 3192 3193 3475 3476 3480 3486 3488 3500 3525 6988 6997 6998 6999 7002 7021 7022 7023 7024 7030 7039 7040 7041 7046 7058 7065 7066 7068 7074 7079 7106 7107 7108 7118 7126 7128 7135 7136 7141 7143 7151 7153 7154 7164 7165 7174 7175 7191 7192 7197 7198 7202 7205 7206 7208 7209 7212 7215 7216 7219 7224 7226 7231 7235 7241 7260 7264 7335 7336 7340 7342 7343 7348 7349 7353 7354 7355 7358 7361 7362 7364 7366 7370 7371 7374 7375 7376 7377 7378 7381 7382 7385 7386 7387 7388 7392 7394 7395 7397 7401 7404 7405 7406 7408 7409 7417 7418 7419 7420 7423 7424 7428 7431 7435 7439 7440 7441 7443 7444 7446 7449 7450 7452 7456 7457 7458 7459 7460 7461 7463 7464 7465 7466 7467 7468 7471 7472 7473 7476 7477 7478 7479 7482 7483 7485 7486 7489 7490 7491 7493 7494 7495 7496 7497 7498 7500 7501 7503 7504 7507 7508 7511 7512 7514 7515 10420 10421 10938 10990 10993 10994 10996 10997 11001 11002 11005 11006 11012 11014 11015 11016 11017 11018 11019 11020 11021 11022 11023 11024 11027 11028 
	}
	naval_terrain=water_hyperlane
	weather={
		period={
			between={ 0.0 0.0 }
			temperature={ -10.0 35.0 }
			no_phenomenon=1.500
			rain_light=0.250
			rain_heavy=0.100
			snow=0.000
			blizzard=0.000
			arctic_water=0.000
			mud=0.000
			sandstorm=0.000
			min_snow_level=0.000
		}
	}
}
