
strategic_region={
	id=24
	name="STRATEGICREGION_24"
	provinces={
		31 89 92 157 209 279 284 325 361 366 382 421 521 560 561 577 583 597 613 658 805 811 951 1103 1104 1145 1246 1252 1274 1284 1328 1360 1475 1498 1564 1567 1596 1609 1646 1674 1682 1702 1767 1801 1912 1920 1972 2109 2110 2181 2280 2287 2352 2397 2453 2583 2585 2611 2652 2658 2694 2705 2732 2781 2782 2810 2858 2867 2883 2971 2978 2998 3032 3033 3039 3048 3070 3075 3099 3146 3224 3345 3360 3445 3470 3478 3489 3502 3526 3560 3602 3627 3661 3686 3722 3779 3788 3824 3854 3855 3919 3930 4003 4025 4054 4269 4331 4438 4462 4485 4495 4515 4554 4602 4665 4683 4705 4708 4725 4802 4806 4848 4912 4980 5017 5030 5077 5270 5280 5292 5430 5477 5614 5647 5695 5738 5751 5779 5792 5794 5816 5854 5903 5953 6001 6096 6118 6125 6141 6203 6259 17287 17288 17301 17302 17338 17343 17344 17356 17367 17371 17372 17376 17377 17378 17389 17405 17411 17412 17416 17417 17428 17435 17440 17441 17447 17448 17449 17456 17460 17472 17473 17474 17481 17482 17488 17494 17495 17500 17507 17512 17513 17514 17519 17520 17522 17529 17541 17542 17547 17549 17550 17551 17556 17557 17562 17563 17574 17578 17579 17580 17587 17591 17596 17602 17603 17607 17613 17621 17622 17626 17628 17631 17638 17639 17640 17645 17651 17652 17653 17659 17660 17664 17667 17669 17673 17674 17681 17687 17690 17691 17692 17697 17699 17700 17704 17707 17710 17711 17715 17716 17719 17725 17727 17729 17730 17737 17738 17744 17750 17751 17753 17761 17762 17767 17769 17771 17775 17776 17777 17779 17780 17781 17788 17793 17795 17796 17797 17798 17801 17809 17810 17814 17818 17819 17820 17821 17828 17837 17840 17850 17910 17911 17916 17920 17922 17925 17926 17929 17933 17935 17937 17938 17940 17941 17943 17944 17948 17949 17953 17954 17955 17956 17957 17959 17962 17966 17969 17970 17971 17974 17975 17979 17981 17982 17983 17984 17985 17987 17988 17993 17994 17996 18000 18001 18002 18005 18007 18009 18010 18012 18018 18023 18024 18025 18026 18028 18029 18037 18039 18042 18043 18047 18054 18055 18056 18061 18064 18067 18068 18069 18071 18075 18078 18079 18082 18083 18084 18089 18093 18099 18100 18103 18107 18114 18116 18121 18124 18127 18128 18135 18136 18143 18144 18152 18154 18155 18157 18162 18165 18166 18170 18172 18175 18176 18183 18194 18196 18197 18203 18209 18215 18220 18221 18222 18223 18229 18230 18234 18236 18237 18239 18241 18242 18244 18250 18251 18253 18255 18256 18261 18263 18418 18419 18420 18421 18422 18423 18424 18425 18426 18427 18428 18429 18430 18431 18432 18433 18434 18436 18437 18438 18439 18440 18442 18443 18446 18447 18448 18451 18453 18454 18457 18459 18461 18462 18463 18464 18465 18467 18468 18471 18472 18476 18478 18479 18482 18484 18486 18697 18872 19019 19040 
	}
	naval_terrain=water_planets
	weather={
	}
}
