
strategic_region={
	id=25
	name="STRATEGICREGION_25"
	provinces={
		129 180 224 239 252 263 295 299 343 392 408 509 535 2618 2619 2620 2621 2622 2623 2624 2625 2626 2627 2634 2635 2641 2643 2644 2649 2650 2652 2653 2658 2659 2660 2662 2666 2667 2669 2691 2692 2693 2694 2695 2696 2697 2698 2699 2700 2701 2702 2703 2704 2705 2706 2959 2960 2961 2967 2970 2971 2974 2975 2976 3390 3392 3393 3394 3397 3398 3399 4293 4294 4295 4296 4297 4298 4299 4300 4301 4302 4303 4304 4305 4306 4307 4308 4309 4310 4311 4312 4313 4317 4319 4320 4321 4322 4323 4326 4328 4330 4332 4333 4334 4336 4337 4342 4343 4796 4797 4798 4800 4805 4806 4808 4809 4810 4817 4819 4821 4826 4827 4836 4840 4843 4844 4857 4858 4968 4969 4970 4983 4989 4990 4991 5001 5008 5009 5016 5020 5023 5024 5025 5037 5038 5040 5043 5050 11145 11146 11147 11170 11171 11173 11176 
	}
	weather={
		period={
			between={ 0.0 30.11 }
			temperature={ -10.0 35.0 }
			no_phenomenon=1.500
			rain_light=0.250
			rain_heavy=0.100
			snow=0.000
			blizzard=0.000
			arctic_water=0.000
			mud=0.000
			sandstorm=0.000
			min_snow_level=0.000
		}
	}
}
