
strategic_region={
	id=25
	name="STRATEGICREGION_25"
	provinces={
		47 67 70 74 207 210 226 265 270 358 412 436 441 445 534 1260 1262 1263 1264 1266 1267 1269 1270 1272 1273 1274 1275 1277 1278 1283 1284 1287 1290 1292 1294 1295 1297 1303 1304 1502 1503 1506 1507 1513 1518 1519 1520 1522 1523 1526 1528 1532 1533 1534 1535 1541 1543 1544 1549 1550 1551 1557 1560 1586 1587 1594 1595 1598 1603 1604 1605 1609 1612 1613 1618 1622 1626 1628 3182 3185 3186 3196 3197 3198 3199 3202 3203 3228 3229 3231 3232 3233 3236 3237 3238 3239 3241 3243 3244 3478 3492 3497 3501 3503 3508 3528 3529 3531 3542 3803 7236 7237 7242 7254 7261 7265 7266 7275 7276 7284 7292 7293 7299 7304 7306 7309 7311 7322 7323 7324 7469 7470 7474 7475 7480 7481 7484 7487 7488 7492 7499 7502 7505 7506 7509 7510 7513 7516 7517 7635 7636 7638 7639 7643 7647 7648 7654 7656 7657 7660 7663 7669 7674 7675 7677 7678 7680 7685 8229 8230 8235 8243 8249 8258 8259 8272 8279 8280 8290 8300 8304 8309 8317 8318 8324 8335 8346 8354 10415 10425 10801 10802 10808 11008 11010 11011 11025 11026 11029 11030 11031 11032 
	}
	weather={
		period={
			between={ 0.0 0.0 }
			temperature={ -10.0 35.0 }
			no_phenomenon=1.500
			rain_light=0.250
			rain_heavy=0.100
			snow=0.000
			blizzard=0.000
			arctic_water=0.000
			mud=0.000
			sandstorm=0.000
			min_snow_level=0.000
		}
	}
}
