
strategic_region={
	id=25
	name="STRATEGICREGION_25"
	provinces={
		22 114 171 319 330 347 363 443 470 476 532 728 759 765 843 917 923 924 930 998 1042 1061 1146 1148 1254 1261 1264 1285 1338 1377 1396 1399 1436 1460 1462 1555 1632 1719 1814 2008 2070 2137 2149 2170 2203 2222 2337 2361 2405 2460 2540 2606 2626 2627 2677 2681 2690 2754 2771 2815 2861 2992 3108 3110 3136 3154 3164 3168 3220 3267 3272 3308 3388 3418 3496 3608 3636 3650 3746 3816 3817 3819 3822 3849 3915 4049 4081 4089 4101 4110 4131 4140 4232 4323 4346 4363 4418 4503 4507 4564 4585 4605 4732 4794 4823 4873 4875 4914 4926 4976 5013 5039 5072 5146 5181 5244 5491 5537 5624 5645 5705 5718 5916 5924 5986 5992 6078 6105 6149 6160 6199 6206 16825 16826 16832 16841 16842 16858 16859 16871 16872 16877 16885 16886 16887 16889 16890 16894 16904 16906 16912 16913 16923 16932 16933 16934 16937 16944 16949 16951 16952 16956 16957 16958 16960 16961 16967 16968 16974 16975 16978 16979 16980 16985 16987 16990 16992 16998 17006 17008 17009 17010 17012 17013 17014 17021 17029 17030 17037 17038 17043 17044 17045 17050 17051 17057 17066 17070 17071 17072 17082 17083 17087 17094 17105 17106 17109 17116 17119 17120 17121 17122 17128 17129 17130 17136 17137 17138 17146 17147 17148 17151 17152 17153 17156 17157 17158 17165 17166 17167 17168 17174 17175 17176 17177 17178 17179 17189 17193 17196 17197 17200 17201 17206 17209 17210 17211 17219 17222 17223 17227 17228 17229 17234 17235 17236 17241 17245 17246 17247 17255 17256 17259 17260 17264 17265 17266 17267 17268 17270 17271 17276 17281 17286 17293 17294 17295 17299 17300 17305 17306 17307 17311 17312 17313 17316 17317 17321 17322 17330 17331 17332 17333 17334 17335 17336 17337 17342 17346 17347 17352 17353 17354 17355 17358 17366 17369 17370 17381 17382 17383 17386 17387 17388 17393 17399 17403 17404 17409 17410 17415 17418 17424 17432 17433 17434 17439 17446 17454 17455 17459 17463 17464 17471 17478 17479 17480 17487 17493 17497 17498 17499 17511 17518 17528 17534 17538 17539 17540 17545 17546 17554 17555 17560 17561 17568 17569 17571 17572 17573 17586 17589 17590 17598 17600 17601 17612 17618 17619 17620 17624 17625 17633 17634 17635 17649 17650 17655 17656 17657 17658 17663 17671 17672 17680 17682 17685 17686 17694 17696 17702 17703 17706 17714 17718 17721 17724 17728 17733 17735 17736 17740 17741 17759 17760 17766 18763 18826 18885 18890 18911 18924 19005 
	}
	naval_terrain=water_planets
	weather={
	}
}
