
strategic_region={
	id=26
	name="STRATEGICREGION_26"
	provinces={
		5 15 61 139 144 186 244 308 342 407 449 468 486 545 555 557 1001 1002 1010 1011 1014 1016 1021 1022 1023 1024 1026 1030 1032 1034 1036 1037 1038 1039 1053 1054 1058 1060 1063 1064 1065 1066 1067 1068 1116 1117 1118 1119 1120 1121 1122 1123 1124 1125 1126 1127 1128 1129 1130 1131 1132 1133 1134 1135 1136 1137 1138 1139 1140 1141 1142 1143 1144 1145 1148 1151 1332 1333 1337 1338 1341 1343 1347 1348 1349 1352 1354 1358 1362 1365 1368 1371 1374 3215 3216 3219 3267 3268 3269 3270 3271 3272 3283 3284 3287 3289 3290 3294 3506 3515 3533 3535 3540 3543 3544 3548 7783 7784 7793 7798 7799 7811 7812 7823 7838 7843 7844 7850 7851 7865 7866 7873 7876 8216 8217 8218 8228 8234 8242 8248 8257 8267 8268 8271 8289 8295 8299 8303 8308 8312 8313 8314 8315 8316 8323 8328 8338 8339 8340 8341 8342 8345 8357 8360 8361 8362 8365 8374 8377 8378 8379 8385 8397 8398 8453 8458 8459 8463 8469 8471 8472 8473 8474 8491 8492 8495 8496 8497 8501 8509 8514 8517 8522 8523 8524 8527 8532 8537 8538 8539 8544 8545 8547 8550 8552 8557 8564 8567 8568 10437 10742 10743 10747 10787 10805 10809 10812 10813 10815 10816 11033 11034 11035 
	}
	naval_terrain=water_hyperlane
	weather={
		period={
			between={ 0.0 0.0 }
			temperature={ -10.0 35.0 }
			no_phenomenon=1.500
			rain_light=0.250
			rain_heavy=0.100
			snow=0.000
			blizzard=0.000
			arctic_water=0.000
			mud=0.000
			sandstorm=0.000
			min_snow_level=0.000
		}
	}
}
