
strategic_region={
	id=26
	name="STRATEGICREGION_26"
	provinces={
		256 360 421 2558 2559 2569 2570 2572 2574 2580 2581 2582 2583 2585 2586 2588 2589 2590 2591 2592 2983 2984 2991 3396 3795 3807 3813 3829 4228 4229 4230 4231 4239 4240 4241 4242 4247 4248 4249 4250 4251 4252 4253 4254 4255 4256 4257 4258 4259 4260 4261 4262 4263 4264 4265 4266 4267 4268 4269 4270 4271 4272 4273 4274 4275 4276 4277 4278 4279 4280 4281 4282 4283 4284 4285 4286 4287 4288 4289 4290 4291 4292 4345 4346 4347 4351 4352 4353 4354 4356 4357 4358 4359 4360 4361 4362 4363 4364 4365 4366 4367 4409 4410 4411 4412 4413 4414 4415 4416 4417 4418 4419 4420 4421 4424 4426 4427 4428 4431 4432 4436 4448 4449 4450 4451 4452 4453 4454 4455 4456 4460 4461 4462 4464 4465 4466 4470 4471 4472 4473 4474 4475 4476 4480 4485 4487 4488 4490 4492 4493 4498 4499 4503 4504 4508 4512 4513 4567 4568 4573 4579 4580 4584 4595 4598 4602 4603 4612 4613 4625 4627 4628 4629 4633 4636 4644 4647 4687 4688 4689 4694 4697 4698 4699 4706 4709 4710 4712 4722 4731 4738 4739 4740 4748 4753 4761 4762 4824 4825 4834 4835 4839 4842 4847 4850 4851 4854 4856 4860 4861 4863 4867 4868 4869 4870 4871 4873 4874 4875 4879 4882 4883 4890 4891 4896 4897 4898 4901 4902 4908 4909 4914 4915 4925 4926 4931 4935 4936 4937 4938 4939 4940 4949 4950 4956 4957 4958 4966 4977 4978 4979 4980 4982 4987 4988 4994 4998 5140 5141 5142 5144 5146 5147 5148 5149 5150 5151 5152 5153 5156 5157 5158 5159 5160 5162 5163 5164 5167 5168 5169 5170 5171 5173 5175 5176 5177 5178 5179 5180 5181 5182 5186 5188 5229 5230 5231 5241 5248 5249 5250 5251 5261 5265 5266 5271 5277 5279 5285 5286 5290 5296 5297 5301 5371 5372 5377 5381 5390 5392 5393 5394 5398 5405 5406 5407 5408 5414 5415 5417 5420 5425 5427 5428 8013 10353 10358 10371 10404 10406 10429 11068 11069 11070 11071 11072 11073 11074 11075 11076 11077 11078 11080 11093 
	}
	weather={
		period={
			between={ 0.0 30.11 }
			temperature={ -10.0 35.0 }
			no_phenomenon=1.500
			rain_light=0.250
			rain_heavy=0.100
			snow=0.000
			blizzard=0.000
			arctic_water=0.000
			mud=0.000
			sandstorm=0.000
			min_snow_level=0.000
		}
	}
}
