
strategic_region={
	id=26
	name="STRATEGICREGION_26"
	provinces={
		116 178 214 241 252 397 399 416 419 449 471 507 541 552 554 591 851 938 961 987 995 1001 1029 1203 1257 1289 1305 1386 1515 1602 1606 1623 1703 1770 1821 1841 2086 2108 2124 2231 2242 2329 2434 2488 2492 2528 2545 2546 2602 2665 2701 2745 2753 2832 2884 2951 3010 3011 3062 3253 3271 3393 3516 3628 3665 3842 4179 4203 4249 4330 4442 4498 4528 4574 4621 4637 4682 4710 4751 4774 4853 4924 4996 4998 5024 5094 5101 5107 5182 5222 5468 5564 5572 5659 5715 5745 5889 5926 5957 6070 6088 6094 6165 6240 6277 17770 17774 17778 17784 17787 17791 17792 17802 17803 17813 17816 17817 17824 17832 17836 17839 17845 17852 17853 17855 17858 17862 17863 17867 17868 17871 17872 17875 17876 17878 17882 17883 17884 17885 17886 17887 17888 17889 17890 17891 17893 17896 17899 17900 18041 18046 18053 18063 18066 18074 18077 18086 18087 18088 18091 18102 18106 18111 18112 18113 18115 18119 18125 18126 18132 18133 18139 18148 18151 18161 18168 18169 18173 18174 18189 18193 18201 18206 18207 18225 18227 18228 18232 18233 18238 18240 18243 18249 18259 18260 18328 18330 18338 18341 18343 18346 18353 18355 18356 18358 18368 18369 18372 18375 18382 18383 18384 18391 18393 18394 18398 18399 18400 18401 18405 18406 18408 18409 18410 18411 18412 18413 18414 18415 18416 18417 18435 18441 18444 18445 18449 18450 18452 18455 18456 18458 18460 18466 18469 18470 18473 18474 18475 18477 18480 18481 18483 18485 18487 18488 18489 18490 18491 18492 18493 18494 18495 18496 18499 18501 18502 18504 18506 18507 18508 18510 18511 18512 18514 18517 18518 18520 18521 18522 18525 18526 18528 18529 18530 18534 18536 18537 18538 18540 18542 18545 18546 18547 18550 18556 18562 18565 18566 18568 18572 18574 18576 18577 18580 18585 18586 18588 18590 18595 18597 18601 18690 18886 18912 
	}
	naval_terrain=water_planets
	weather={
		period={
			between={ 0.0 0.0 }
			temperature={ -10.0 35.0 }
			no_phenomenon=1.500
			rain_light=0.250
			rain_heavy=0.100
			snow=0.000
			blizzard=0.000
			arctic_water=0.000
			mud=0.000
			sandstorm=0.000
			min_snow_level=0.000
		}
	}
}
