
strategic_region={
	id=27
	name="STRATEGICREGION_27"
	provinces={
		56 69 102 165 174 215 238 326 348 511 559 673 702 761 793 814 854 873 879 909 957 972 985 1053 1064 1070 1250 1265 1307 1319 1351 1397 1523 1599 1612 1659 1691 1765 1908 1974 1995 2084 2157 2174 2176 2205 2238 2277 2426 2442 2451 2534 2594 2619 2699 2736 2761 2799 2893 2941 3040 3178 3236 3242 3355 3430 3542 3620 3644 3657 3700 3781 3784 3813 3907 4095 4133 4156 4161 4221 4322 4388 4443 4519 4551 4590 4608 4757 4769 4778 4784 4816 4822 4915 4993 5066 5068 5119 5153 5238 5265 5321 5335 5419 5440 5441 5509 5521 5585 5600 5684 5694 5769 5843 5928 5933 5942 5958 6017 6033 6039 6057 6098 6100 6124 6131 6157 6245 6260 6269 6279 14867 14878 14883 14893 14894 14896 14897 14900 14907 14913 14918 14921 14922 14928 14942 14945 14954 14961 14964 14965 14972 14979 14980 14981 14983 14994 14995 15001 15002 15003 15004 15010 15011 15020 15028 15029 15037 15038 15049 15050 15051 15059 15063 15064 15076 15083 15084 15089 15103 15104 15111 15112 15117 15123 15132 15148 15158 15159 15169 15170 15187 15198 15199 15202 15203 15209 15220 15225 15230 15231 15241 15256 15265 15270 15289 15290 15291 15304 15309 15321 15322 15337 15343 15344 15345 15347 15348 15353 15354 15363 15370 15374 15378 15384 15385 15395 15396 15397 15404 15410 15411 15412 15426 15432 15437 15440 15441 15449 15465 15471 15479 15480 15484 15490 15500 15506 15507 15521 15522 15534 15545 15551 15558 15563 15574 15581 15586 15587 15593 15770 15771 15772 15773 15781 15782 15787 15788 15789 15790 15797 15798 15799 15806 15807 15814 15816 15817 15818 15822 15825 15829 15833 15835 15836 15838 15840 15844 15845 15847 15849 15850 15852 15853 15860 15861 15863 15867 15868 15871 15873 15876 15877 15880 15884 15886 15888 15889 15892 15893 15894 15897 15898 15901 15902 15904 15908 15911 15914 15915 15918 15920 15921 15924 15925 15934 15935 15936 15940 15941 15942 15944 15945 15946 15950 15951 15959 15967 15968 15971 15972 15976 15977 15980 15986 15993 15994 15995 15996 16002 16003 16005 16006 16020 16024 16027 16030 16033 16044 16047 16049 16050 16053 16055 16056 16061 16065 16075 16080 16086 16087 16089 16094 16095 16102 16103 16109 16115 16121 16123 16124 16129 16130 16141 16144 16145 16148 16149 16152 16165 16166 16170 16173 16174 16177 16186 16195 16196 16204 16205 16207 18737 18740 18782 18790 18895 18934 18978 18991 19035 19038 
	}
	naval_terrain=water_planets
	weather={
	}
}
