
strategic_region={
	id=27
	name="STRATEGICREGION_27"
	provinces={
		21 40 126 482 518 2456 2457 2460 2468 2469 2473 2474 2476 2477 2481 2482 2483 2486 2487 3001 3002 3005 3415 3635 5348 5349 5353 5359 5360 5363 5366 5369 5373 5378 5382 5387 5388 5396 5397 5399 5402 5409 5411 5518 5519 5521 5522 5524 5527 5530 5538 5539 5540 5543 5544 5548 5552 5553 5556 5557 5560 5561 5566 5569 5570 5572 5573 5575 5576 5578 5580 5582 5583 5584 5585 5586 5587 5588 5589 5660 5661 5667 5670 5671 5677 5679 5680 10370 11079 11081 11082 11094 
	}
	weather={
		period={
			between={ 0.0 30.11 }
			temperature={ -10.0 35.0 }
			no_phenomenon=1.500
			rain_light=0.250
			rain_heavy=0.100
			snow=0.000
			blizzard=0.000
			arctic_water=0.000
			mud=0.000
			sandstorm=0.000
			min_snow_level=0.000
		}
	}
}
