
strategic_region={
	id=27
	name="STRATEGICREGION_27"
	provinces={
		29 52 218 254 266 275 314 378 462 475 529 840 843 844 845 848 849 850 851 852 853 885 886 887 888 889 892 893 894 897 898 899 901 902 904 905 906 907 908 910 912 913 916 920 923 924 925 926 933 936 937 939 942 945 3310 3311 3314 3315 3317 3319 3326 3327 3330 3554 3555 3559 3563 3565 3569 3725 3732 3743 3745 3894 3973 4030 8577 8578 8579 8584 8590 8593 8594 8595 8599 8610 8611 8612 8614 8621 8622 8627 8629 8635 8636 8643 8645 8648 8651 8652 8655 8658 8662 8663 8666 8667 8669 8674 8675 8676 8717 8718 8719 8724 8733 8734 8735 8744 8747 8756 8764 8770 8771 8783 8784 8785 8787 8793 8794 8801 8802 8808 8812 8813 8816 8817 8823 8824 8832 8835 8836 8840 8845 8846 8850 8851 8855 8856 8931 8932 8934 8935 8946 8947 8951 8952 8953 8958 8959 8963 8964 8965 8966 8969 8973 8974 8976 8977 8978 8984 8985 8986 8987 8991 8995 8996 8997 8998 8999 9002 9004 9005 9006 9008 9010 9011 9015 9016 9017 9018 9019 9024 9032 9033 9034 9035 9039 9040 9041 9042 9047 9048 9051 9052 9053 9054 9059 9060 9061 9070 9071 9072 9078 9079 9080 9088 9089 9090 9091 9096 9101 9116 9117 9119 9120 9121 9128 9129 9130 9131 9132 9142 9143 9146 9147 9148 9151 9152 9161 9162 9167 9168 9169 9175 9176 9177 9178 9179 9185 9186 9193 9194 9195 9196 9197 9203 9204 9209 9210 9211 9217 9224 9225 9226 9232 9233 9239 9240 9241 9247 9248 9249 9250 9253 9254 9255 9256 9263 9272 9273 9274 9275 9276 9279 9280 9283 9284 9285 9289 9295 9297 9298 9301 9305 9310 9316 9317 9329 9330 9332 9339 9343 9356 9400 9402 9403 9405 9406 9407 9408 9409 9410 9411 9412 9413 9414 9415 9416 9419 9427 9431 9432 9478 9479 9484 9489 9490 9491 9495 9499 9502 9503 9508 9512 9518 9519 9523 9528 9533 9537 9538 9542 10438 10450 10456 10457 10458 10459 10460 10462 10463 10466 10467 10469 10473 10752 10753 10754 10757 10758 10759 10763 10764 10765 10766 10767 10768 10769 10770 10773 10774 10775 10776 10778 10779 10780 10781 10783 10827 10828 10830 
	}
	naval_terrain=water_hyperlane
	weather={
		period={
			between={ 0.0 0.0 }
			temperature={ -10.0 35.0 }
			no_phenomenon=1.500
			rain_light=0.250
			rain_heavy=0.100
			snow=0.000
			blizzard=0.000
			arctic_water=0.000
			mud=0.000
			sandstorm=0.000
			min_snow_level=0.000
		}
	}
}
