
strategic_region={
	id=28
	name="STRATEGICREGION_28"
	provinces={
		66 76 117 136 150 175 189 240 290 303 374 381 494 535 616 655 665 678 781 918 943 955 1032 1117 1129 1143 1211 1216 1217 1233 1276 1278 1356 1411 1570 1630 1655 1679 1736 1816 1857 1873 2007 2034 2039 2046 2061 2072 2076 2085 2090 2133 2159 2198 2260 2267 2392 2821 2869 2906 2932 2963 2967 3182 3186 3212 3289 3330 3340 3361 3385 3390 3391 3405 3448 3484 3537 3541 3712 3720 3758 3764 3834 3843 3977 3993 4024 4083 4281 4343 4353 4389 4393 4398 4478 4721 4775 4839 4897 5002 5091 5111 5138 5170 5197 5198 5214 5250 5305 5323 5448 5455 5503 5506 5618 5664 5669 5709 5761 5835 5880 5888 5911 5975 6025 6040 6122 6133 6169 16467 16468 16469 16471 16474 16478 16480 16481 16482 16483 16484 16486 16489 16492 16495 16496 16497 16500 16503 16510 16511 16513 16517 16519 16526 16528 16531 16534 16537 16538 16540 16541 16544 16545 16546 16549 16551 16554 16556 16557 16559 16564 16565 16566 16568 16569 16570 16571 16572 16576 16579 16580 16582 16583 16586 16587 16588 16589 16590 16599 16600 16603 16604 16605 16608 16609 16620 16622 16625 16626 16627 16628 16629 16631 16634 16636 16644 16645 16648 16649 16650 16651 16653 16656 16660 16661 16662 16664 16665 16672 16673 16674 16675 16677 16678 16679 16684 16685 16686 16687 16690 16698 16699 16701 16703 16706 16707 16708 16709 16723 16724 16725 16726 16729 16733 16740 16743 16746 16751 16760 16761 16766 16767 16772 16773 16781 16782 16793 16804 16805 16808 16815 16816 16819 16824 16831 16843 16844 16849 17892 17894 17895 17897 17898 17901 17902 17903 17904 17905 17906 17907 17908 17909 17912 17913 17914 17915 17917 17918 17919 17921 17923 17924 17927 17928 17930 17931 17932 17934 17936 17939 17942 17945 17946 17947 17950 17951 17952 17958 17960 17961 17963 17964 17965 17967 17968 17972 17973 17976 17977 17978 17980 17986 17989 17990 17991 17992 17995 17997 17998 17999 18003 18006 18011 18013 18014 18015 18017 18019 18022 18030 18031 18032 18034 18035 18036 18038 18044 18045 18050 18051 18052 18057 18058 18059 18060 18062 18073 18076 18081 18085 18096 18097 18098 18101 18105 18110 18117 18118 18122 18123 18129 18130 18131 18134 18138 18142 18146 18147 18150 18156 18158 18159 18160 18164 18179 18180 18181 18182 18184 18186 18187 18188 18190 18195 18200 18202 18205 18212 18213 18219 18224 18701 18819 18859 18984 19039 
	}
	naval_terrain=water_planets
	weather={
	}
}
