
strategic_region={
	id=28
	name="STRATEGICREGION_28"
	provinces={
		71 79 134 142 175 213 354 448 474 554 2294 2297 2302 2303 2304 2311 2314 2320 2325 2326 2327 2330 2348 2349 2350 2351 2352 2353 2354 2355 2356 2357 2358 2359 2360 2361 2362 2363 2364 2413 2415 2416 2417 2418 2419 2420 2421 2422 2423 2424 2427 2428 2429 2431 2434 2435 3010 3011 3013 3023 3024 3025 3031 3032 3035 3417 3422 
	}
	weather={
		period={
			between={ 0.0 30.11 }
			temperature={ -10.0 35.0 }
			no_phenomenon=1.500
			rain_light=0.250
			rain_heavy=0.100
			snow=0.000
			blizzard=0.000
			arctic_water=0.000
			mud=0.000
			sandstorm=0.000
			min_snow_level=0.000
		}
	}
}
