
strategic_region={
	id=29
	name="STRATEGICREGION_29"
	provinces={
		13 36 91 204 206 246 257 398 481 2391 2392 2394 2397 2400 2403 2404 2407 2408 2410 2411 2412 2414 2511 2512 2519 2520 2529 2530 2531 2541 2545 2546 2554 2556 2561 2562 2567 2575 2854 2854 2988 2989 2996 3014 3015 3018 3410 3418 3614 4022 5263 5264 5269 5272 5281 5287 5288 5289 5291 5292 5298 5302 5304 5306 5307 5308 5311 5315 5379 5379 5380 5380 5383 5383 5385 5385 5386 5386 5389 5389 5391 5391 5395 5395 5400 5400 5401 5401 5403 5403 5404 5404 5410 5410 5412 5412 5413 5413 5416 5416 5418 5418 5419 5419 5421 5421 5422 5422 5423 5423 5424 5424 5426 5426 5429 5429 5430 5430 5431 5431 5432 5432 5433 5433 5434 5434 5435 5435 5436 5436 5437 5437 5438 5438 5439 5439 5440 5440 5441 5442 5443 5447 5447 5448 5450 5453 5454 5455 5457 5462 5463 5465 5466 5468 5472 5474 5475 5477 5478 5479 5481 5484 5486 5487 5491 5492 5493 5496 5498 5499 5503 5504 5506 5509 5510 5514 10380 10380 11119 11120 11121 11122 11122 11123 11123 11124 11124 11125 11125 11126 11127 11128 11129 
	}
	weather={
		period={
			between={ 0.0 30.11 }
			temperature={ -10.0 35.0 }
			no_phenomenon=1.500
			rain_light=0.250
			rain_heavy=0.100
			snow=0.000
			blizzard=0.000
			arctic_water=0.000
			mud=0.000
			sandstorm=0.000
			min_snow_level=0.000
		}
	}
}
