
strategic_region={
	id=29
	name="STRATEGICREGION_29"
	provinces={
		107 119 143 174 267 273 303 319 377 382 395 411 502 511 531 532 959 962 964 965 966 967 968 969 970 971 972 973 974 975 976 977 978 979 980 981 982 983 984 985 986 987 988 989 992 993 996 997 999 1003 1006 1008 1009 1015 1018 1019 1020 1025 1028 1029 3292 3293 3297 3298 3299 3300 3301 3302 3303 3306 3550 4007 8336 8337 8351 8352 8353 8356 8359 8363 8364 8367 8368 8369 8370 8371 8373 8375 8376 8380 8381 8384 8387 8388 8389 8390 8391 8395 8396 8399 8400 8401 8403 8404 8406 8407 8408 8412 8413 8414 8416 8417 8418 8421 8422 8423 8425 8429 8430 8431 8432 8433 8436 8437 8438 8439 8440 8444 8447 8448 8451 8452 8457 8461 8462 8468 8480 8481 8482 8483 8484 8486 8487 8489 8490 8494 8500 8503 8506 8507 8508 8511 8512 8513 8515 8516 8521 8526 8531 8535 8536 8542 8543 8548 8549 8555 8556 8559 8560 8562 8563 8566 8569 8576 8580 8581 8588 8589 8592 8597 8605 8608 8609 8613 8620 8677 8678 8679 8680 8681 8682 8683 8684 8685 8686 8687 8688 8689 8690 8691 8694 8695 8696 8698 8699 8703 8704 8705 8706 8707 8708 8709 8714 8715 8716 8722 8723 8731 8732 8740 8741 8742 8743 8746 8752 8755 8760 8761 8762 8763 8769 8776 8781 8782 8791 8792 8799 8800 8807 8811 8822 8829 8870 8871 8872 8888 8889 8890 8891 8896 8901 8902 8903 8914 8916 8919 8920 8930 8940 8942 10344 10356 10435 10439 10444 10445 10446 10447 10449 10453 10454 10649 10650 10651 10652 10653 10654 10655 10656 10657 10658 10659 10660 10661 10662 10663 10664 10745 10746 10748 10749 10750 10751 10755 10756 10760 10761 10782 
	}
	weather={
		period={
			between={ 0.0 0.0 }
			temperature={ -10.0 35.0 }
			no_phenomenon=1.500
			rain_light=0.250
			rain_heavy=0.100
			snow=0.000
			blizzard=0.000
			arctic_water=0.000
			mud=0.000
			sandstorm=0.000
			min_snow_level=0.000
		}
	}
}
