
strategic_region={
	id=29
	name="STRATEGICREGION_29"
	provinces={
		52 115 322 427 439 505 517 841 937 1014 1017 1095 1333 1379 1447 1511 1575 1605 1607 1622 1652 1828 2295 2414 2479 2562 3162 3223 3251 3375 3387 3637 3694 3878 3908 3962 4051 4069 4104 4185 4527 4825 4942 5073 5166 5172 5188 5343 5449 5499 5556 5595 5817 5866 5968 6117 6126 18497 18498 18500 18503 18505 18509 18513 18515 18516 18519 18523 18524 18527 18531 18532 18533 18535 18539 18541 18543 18544 18548 18549 18551 18552 18553 18554 18555 18557 18558 18559 18560 18561 18563 18564 18567 18569 18570 18571 18573 18575 18578 18579 18581 18582 18583 18584 18587 18589 18591 18592 18593 18594 18596 18598 18599 18600 18602 18603 18604 18605 18606 18607 18608 18609 18610 18611 18612 18613 18614 18615 18616 18617 18618 18619 18620 18621 18622 18623 18624 18625 18626 18627 18628 18629 18630 18631 18632 18633 18634 18635 18636 18637 18638 18639 18640 18641 18642 18643 18644 18645 18646 18647 18648 18649 18650 18651 18652 18653 18654 18655 18656 18657 18658 18659 18660 18661 18662 18663 18664 18665 18666 18667 18668 18669 18670 18671 18672 18673 18674 18675 18676 18964 
	}
	naval_terrain=water_planets
	weather={
		period={
			between={ 0.0 0.0 }
			temperature={ -10.0 35.0 }
			no_phenomenon=1.500
			rain_light=0.250
			rain_heavy=0.100
			snow=0.000
			blizzard=0.000
			arctic_water=0.000
			mud=0.000
			sandstorm=0.000
			min_snow_level=0.000
		}
	}
}
