
strategic_region={
	id=3
	name="STRATEGICREGION_3"
	provinces={
		58 300 356 534 610 639 645 683 713 806 914 944 1081 1106 1240 1366 1467 1508 1641 1662 1713 1747 1771 1885 1899 1945 1980 2000 2241 2331 2457 2567 2572 2617 2672 2816 2822 2866 2952 2995 3014 3185 3302 3324 3477 3524 3623 3682 3837 3847 3900 4015 4040 4053 4162 4245 4252 4264 4294 4368 4626 4776 4846 5053 5058 5102 5131 5134 5205 5235 5412 5464 5590 5606 5771 5856 5875 5878 5883 5885 5909 5941 5987 6036 6067 6120 11963 11968 11969 11993 12000 12005 12008 12023 12029 12036 12037 12044 12053 12059 12060 12063 12071 12078 12080 12084 12087 12090 12093 12103 12106 12109 12116 12120 12122 12123 12126 12135 12141 12144 12147 12163 12166 12177 12192 12194 12200 12294 12305 12319 12335 12344 12347 12352 12357 12363 12369 12376 12393 12399 12400 12417 12424 12425 12426 12428 12429 12430 12436 12437 12443 12444 12455 12456 12457 12460 12461 12462 12463 12464 12465 12470 12475 12487 12488 12489 12494 12495 12496 12508 12519 12520 12521 12524 12529 12533 12538 12541 12542 12544 12545 12549 12554 12555 12556 12557 12560 12561 12566 12567 12570 12572 12579 12580 12586 12591 12592 12594 12598 12601 12602 12609 12610 12615 12621 12622 12627 12628 12630 12636 12637 12640 12653 12654 12662 12663 12667 12668 12670 12671 12672 12673 12681 12682 12687 12694 12695 12701 12708 12709 12716 12717 12718 12723 12728 12731 12733 12734 12745 12748 12753 12754 12767 12768 12779 12780 12789 12801 12803 12811 12812 12814 12829 12841 12842 12854 12855 12866 12867 12869 12878 18881 18950 
	}
	naval_terrain=water_planets
	weather={
	}
}
