
strategic_region={
	id=3
	name="STRATEGICREGION_3"
	provinces={
		48 75 92 109 114 120 230 286 325 339 351 355 365 401 439 471 479 1495 1498 1499 1501 1505 1508 1509 1510 1512 1516 1521 1530 1531 1536 1537 1546 1641 1646 1647 1649 1650 1653 1654 1656 1657 1660 1661 1662 1666 1667 1669 1670 1672 1675 1841 1846 1847 1850 1852 1853 1856 1857 1858 1859 1860 1861 1865 1866 1870 1871 1875 1877 1885 1890 1893 1897 1902 1904 1908 1918 2923 2924 2926 2929 3121 3123 3126 3129 3130 3133 3173 3174 3178 3179 3467 3469 3472 3489 3505 3867 7047 7048 7051 7054 7059 7060 7071 7075 7078 7080 7081 7088 7091 7094 7099 7102 7113 7119 7127 7188 7189 7193 7194 7200 7201 7203 7204 7207 7214 7218 7221 7222 7228 7232 7233 7256 7263 10513 10514 10515 10516 10517 10518 10519 
	}
	naval_terrain=water_hyperlane
	weather={
		period={
			between={ 0.0 0.0 }
			temperature={ -10.0 35.0 }
			no_phenomenon=1.500
			rain_light=0.250
			rain_heavy=0.100
			snow=0.000
			blizzard=0.000
			arctic_water=0.000
			mud=0.000
			sandstorm=0.000
			min_snow_level=0.000
		}
	}
}
