
strategic_region={
	id=3
	name="STRATEGICREGION_3"
	provinces={
		92 439 1641 1646 1647 1649 1650 1653 1654 1656 1657 1660 1661 1662 1666 1667 1669 1670 1672 1675 3173 3174 3178 3179 3472 3489 3867 7047 7048 7051 7054 7059 7060 7071 7075 7078 7080 7081 7088 7091 7094 7099 7102 7113 7119 7127 7188 7189 7193 7194 7200 7201 7203 7204 7207 7214 7218 7221 7222 7228 7232 7233 7256 7263 10513 10514 10515 10516 10517 10518 10519 
	}
	weather={
		period={
			between={ 0.0 30.11 }
			temperature={ -10.0 35.0 }
			no_phenomenon=1.500
			rain_light=0.250
			rain_heavy=0.100
			snow=0.000
			blizzard=0.000
			arctic_water=0.000
			mud=0.000
			sandstorm=0.000
			min_snow_level=0.000
		}
	}
}
