
strategic_region={
	id=30
	name="STRATEGICREGION_30"
	provinces={
		57 69 259 389 2035 2036 2039 2040 2041 2042 2044 2045 2046 2047 2048 2049 2050 2052 2053 2056 3088 3089 3091 3414 3455 3455 3458 5948 5949 5952 5953 5959 5967 5972 5973 5977 5980 5981 5987 5990 5995 5996 6000 6001 6002 6003 6008 6012 6013 6197 6198 6200 6202 6203 6206 6207 6210 6214 6215 6217 6218 6219 6220 6221 6222 6225 6226 6230 6231 6235 6236 6237 6238 6239 6240 6242 6245 6256 6261 6262 6263 6264 6265 6266 6277 6278 6285 6288 6289 6290 6293 6294 6298 6299 6300 6306 6312 6313 6317 6322 6327 6328 6329 6331 6373 6374 6379 6380 6383 6384 6388 6390 6395 6396 6399 6404 6405 6411 6417 6418 6419 6422 6433 6438 6446 6480 6481 6492 6493 6499 6506 6507 6514 6524 6529 6531 6536 6537 6551 6552 6553 6557 6558 6561 6565 6566 6567 6568 6569 6574 6576 6577 6579 6580 6584 6585 6586 6587 6591 6592 6595 6596 6598 6600 6601 6602 6603 6604 6606 6607 6609 6613 6618 6619 6623 6624 6667 6669 6670 6675 6676 6679 6680 6681 6682 6683 6684 6686 6687 6689 6690 6693 6694 6702 6703 6705 6706 6707 6708 6711 6712 6713 6718 6719 6720 6723 6724 6725 6726 6729 6734 6735 6737 6738 6739 6742 6743 6744 6749 6750 6751 6754 6755 6760 6761 6764 6765 6766 6768 6769 6770 6776 6783 6786 6787 6792 10350 10384 10390 10391 10398 10401 10899 10900 10902 10903 10904 10905 10906 10907 10908 10909 10910 10911 10912 10913 10914 10915 10916 10917 10918 10919 10920 10921 10922 10923 10924 10925 10926 10927 10928 10929 10930 10931 
	}
	weather={
		period={
			between={ 0.0 30.11 }
			temperature={ -10.0 35.0 }
			no_phenomenon=1.500
			rain_light=0.250
			rain_heavy=0.100
			snow=0.000
			blizzard=0.000
			arctic_water=0.000
			mud=0.000
			sandstorm=0.000
			min_snow_level=0.000
		}
	}
}
