
strategic_region={
	id=30
	name="STRATEGICREGION_30"
	provinces={
		30 97 139 196 225 246 401 575 611 650 778 825 852 868 927 1024 1205 1323 1372 1474 1522 1591 1696 1752 1813 2047 2107 2145 2221 2350 2435 2518 2535 2577 2635 2649 2702 2910 2924 2954 3143 3247 3288 3304 3337 3342 3421 3449 3498 3624 3830 3961 4036 4250 4273 4329 4375 4424 4496 4553 4669 4671 4735 4813 4831 4895 4901 4906 5025 5114 5228 5264 5322 5327 5350 5522 5575 5674 5681 5846 5890 5964 5965 6034 6104 6135 6167 6193 18004 18008 18016 18020 18021 18027 18033 18040 18048 18049 18065 18070 18072 18080 18090 18092 18094 18095 18104 18108 18109 18120 18137 18140 18141 18145 18149 18153 18163 18167 18171 18177 18178 18185 18191 18192 18198 18199 18204 18208 18210 18211 18214 18216 18217 18218 18226 18231 18235 18245 18246 18247 18248 18252 18254 18257 18258 18262 18264 18265 18266 18267 18268 18269 18270 18271 18272 18273 18274 18275 18276 18277 18278 18279 18280 18281 18282 18283 18284 18285 18286 18287 18288 18289 18290 18291 18292 18293 18294 18295 18296 18297 18298 18299 18300 18301 18302 18303 18304 18305 18306 18307 18308 18309 18310 18311 18312 18313 18314 18315 18316 18317 18318 18319 18320 18321 18322 18323 18324 18325 18326 18327 18329 18331 18332 18333 18334 18335 18336 18337 18339 18340 18342 18344 18345 18347 18348 18349 18350 18351 18352 18354 18357 18359 18360 18361 18362 18363 18364 18365 18366 18367 18370 18371 18373 18374 18376 18377 18378 18379 18380 18381 18385 18386 18387 18388 18389 18390 18392 18395 18396 18397 18402 18403 18404 18407 18828 18908 
	}
	naval_terrain=water_planets
	weather={
	}
}
