
strategic_region={
	id=31
	name="STRATEGICREGION_31"
	provinces={
		165 288 517 2199 2200 2204 2205 2207 2209 2212 2213 2215 2216 2219 2222 2224 2226 2229 2232 3049 3050 3055 3427 3438 3638 3657 3944 3949 3957 5645 5646 5647 5648 5649 5650 5651 5652 5653 5654 5655 5656 5657 5658 5659 5662 5663 5664 5665 5666 5668 5669 5672 5673 5674 5675 5676 5678 5681 5682 5683 5684 5685 5686 5687 5688 5691 5692 5739 5740 5741 5742 5748 5751 5752 5753 5756 5757 5758 5762 5764 5765 5769 5773 5774 5776 5777 5780 5782 5804 5805 5806 5807 5808 5809 5810 5811 5812 5813 5814 5815 5816 5817 5818 5819 5820 5821 5822 5823 5827 5828 5829 5830 5831 5834 5835 5836 5839 5840 5843 5844 5845 5847 5848 5849 5853 5855 5856 5858 5859 5860 5865 5866 5872 5874 5875 5876 5877 5882 5886 5887 5892 5893 5896 5897 5902 11198 11199 11200 11206 11207 11210 11211 11212 11213 11214 11215 
	}
	weather={
		period={
			between={ 0.0 30.11 }
			temperature={ -10.0 35.0 }
			no_phenomenon=1.500
			rain_light=0.250
			rain_heavy=0.100
			snow=0.000
			blizzard=0.000
			arctic_water=0.000
			mud=0.000
			sandstorm=0.000
			min_snow_level=0.000
		}
	}
}
