
strategic_region={
	id=31
	name="STRATEGICREGION_31"
	provinces={
		37 42 104 129 143 162 164 181 184 272 276 342 411 451 519 528 546 608 619 637 723 764 802 837 857 886 933 1019 1065 1069 1074 1092 1099 1112 1120 1152 1158 1165 1182 1260 1306 1422 1442 1455 1485 1513 1576 1613 1642 1690 1727 1768 1800 1856 1872 1877 1901 1963 1965 1998 2063 2066 2172 2187 2237 2259 2286 2309 2345 2377 2398 2487 2517 2523 2539 2563 2581 2599 2683 2708 2719 2729 2755 2773 2838 2848 2895 2901 2905 2917 2945 2957 3086 3109 3142 3155 3410 3452 3474 3563 3569 3614 3645 3646 3651 3666 3757 3804 3853 3862 3882 3935 4032 4078 4141 4189 4328 4339 4359 4408 4431 4444 4459 4481 4522 4555 4572 4575 4593 4596 4617 4620 4628 4663 4736 4768 4770 4792 4801 4840 4865 4870 4917 4918 4929 4947 5029 5090 5097 5109 5121 5140 5161 5176 5215 5216 5239 5245 5257 5279 5295 5308 5344 5380 5397 5402 5434 5442 5446 5461 5476 5508 5517 5531 5541 5613 5637 5682 5690 5710 5734 5776 5789 5803 5804 5819 5829 5864 5867 5876 5884 6008 6042 6044 6082 6128 6161 6187 6210 6229 16188 16189 16193 16198 16199 16209 16216 16220 16221 16224 16225 16227 16235 16238 16239 16244 16245 16250 16254 16255 16256 16261 16263 16266 16267 16273 16274 16275 16279 16280 16281 16287 16289 16290 16294 16295 16298 16300 16301 16304 16305 16307 16314 16315 16317 16319 16320 16322 16327 16328 16331 16337 16338 16339 16344 16345 16346 16347 16351 16352 16360 16365 16371 16372 16373 16374 16375 16376 16380 16381 16382 16387 16393 16395 16396 16397 16398 16401 16402 16403 16410 16411 16415 16417 16418 16419 16420 16422 16425 16427 16428 16429 16432 16434 16435 16436 16437 16440 16441 16442 16444 16445 16446 16447 16449 16452 16454 16455 16456 16457 16458 16459 16460 16461 16462 16463 16464 16465 16466 16470 16472 16473 16475 16476 16477 16479 16485 16487 16488 16490 16491 16493 16494 16498 16499 16501 16502 16504 16505 16506 16507 16508 16509 16512 16516 16518 16521 16522 16523 16524 16527 16530 16777 16778 16786 16792 16798 16806 16807 16811 16823 16830 16835 16836 16840 16848 16851 16855 16856 16857 16862 16865 16866 16875 16876 16880 16882 16883 16884 16895 16897 16902 16903 16908 16909 16910 16911 16922 16926 16931 16936 16939 16940 16941 16942 16943 16945 16948 16954 16955 16959 16962 16963 16964 16966 16969 16970 16971 16977 16982 16983 16984 16995 16996 16997 17000 17001 17002 17003 17005 17007 17015 17016 17017 17019 17020 17023 17024 17026 17027 17028 17033 17034 17035 17036 17042 17046 17047 17048 17049 17054 17055 17056 17059 17060 17061 17062 17064 17065 17069 17073 17074 17078 17079 17080 17081 17086 17090 17091 17092 17093 17097 17098 17099 17100 17102 17103 17104 17108 17111 17112 17113 17115 17117 17118 17126 17127 17133 17134 17135 17142 17143 17144 17145 17150 17154 17155 17160 17162 17163 17164 17172 17173 17184 17185 17186 17187 17188 17192 17195 17199 17203 17204 17205 17207 17208 17215 17216 17217 17218 17220 17221 17225 17226 17232 17233 17238 17239 17240 17244 17248 17249 17252 17253 17254 17257 17258 17261 17262 17263 17269 17274 17275 17279 17280 17283 17284 17285 17290 17291 17292 17296 17297 17298 17304 17308 17309 17310 17314 17315 17319 17320 17326 17327 17328 17329 17340 17341 17350 17351 17357 17362 17363 17364 17365 17368 17375 17379 17380 17385 17391 17392 17396 17397 17398 17400 17401 17402 17408 17423 17427 17437 17438 17453 17458 17462 17469 17470 17485 17486 17491 17492 17503 17504 17505 17506 17521 17526 17527 17533 17536 17537 17566 17567 17570 17585 17594 17599 17611 17617 18812 18893 18897 18909 18997 18999 19002 
	}
	naval_terrain=water_planets
	weather={
		period={
			between={ 0.0 0.0 }
			temperature={ -10.0 35.0 }
			no_phenomenon=1.500
			rain_light=0.250
			rain_heavy=0.100
			snow=0.000
			blizzard=0.000
			arctic_water=0.000
			mud=0.000
			sandstorm=0.000
			min_snow_level=0.000
		}
	}
}
