
strategic_region={
	id=31
	name="STRATEGICREGION_31"
	provinces={
		16 34 46 93 102 106 118 128 136 172 179 253 274 300 317 328 337 466 469 536 542 574 575 577 578 579 583 584 585 587 590 591 593 595 597 598 599 600 601 602 603 604 605 606 607 608 609 610 611 612 613 614 615 616 617 618 619 620 621 622 623 624 625 626 627 628 629 630 631 632 633 634 635 636 637 638 639 640 641 642 643 644 647 648 652 670 671 675 682 683 686 688 689 691 695 698 2871 3357 3358 3364 3366 3367 3369 3370 3371 3372 3373 3374 3375 3376 3379 3381 3572 3584 3588 3589 3593 3595 3758 4032 4033 4034 4035 7447 7448 10103 10104 10107 10108 10110 10111 10113 10114 10116 10117 10118 10119 10120 10121 10122 10123 10124 10125 10126 10127 10181 10182 10183 10184 10185 10186 10187 10188 10189 10190 10191 10192 10193 10194 10195 10196 10197 10220 10221 10222 10228 10229 10233 10235 10236 10237 10238 10241 10243 10245 10246 10249 10251 10252 10253 10254 10255 10256 10257 10258 10259 10260 10261 10262 10263 10264 10265 10266 10267 10268 10408 10488 
	}
	naval_terrain=water_hyperlane
	weather={
		period={
			between={ 0.0 0.0 }
			temperature={ -10.0 35.0 }
			no_phenomenon=1.500
			rain_light=0.250
			rain_heavy=0.100
			snow=0.000
			blizzard=0.000
			arctic_water=0.000
			mud=0.000
			sandstorm=0.000
			min_snow_level=0.000
		}
	}
}
