
strategic_region={
	id=32
	name="STRATEGICREGION_32"
	provinces={
		37 323 2197 2198 2201 2202 2203 2206 2208 2210 2211 2214 2217 2218 2220 2221 2223 2225 2227 2228 2230 3052 3053 3054 3423 3439 3650 5594 5595 5596 5602 5605 5608 5609 5610 5611 5616 5618 5619 5622 5630 5631 5632 5633 5634 5641 5642 5698 5699 5702 5704 5706 5708 5710 5712 5713 5714 5716 5722 5727 5728 5729 5731 5735 5737 6048 6049 6052 6054 6056 6057 6058 6060 6063 6065 6068 6069 6071 6074 6075 6079 6080 6085 6089 6090 6092 6094 6098 6099 6100 6101 6104 6105 6107 6109 6110 6113 6115 6116 6118 6119 6122 6123 10385 10386 10955 10956 10957 11262 11263 11264 11265 11266 11267 
	}
	weather={
		period={
			between={ 0.0 30.11 }
			temperature={ -10.0 35.0 }
			no_phenomenon=1.500
			rain_light=0.250
			rain_heavy=0.100
			snow=0.000
			blizzard=0.000
			arctic_water=0.000
			mud=0.000
			sandstorm=0.000
			min_snow_level=0.000
		}
	}
}
