
strategic_region={
	id=33
	name="STRATEGICREGION_33"
	provinces={
		101 403 425 537 1724 1725 1728 1729 1733 1734 1743 1744 1745 1750 1753 1757 1763 1770 3151 3155 3482 3496 4012 6832 6833 6839 6843 6844 6851 6858 6860 6865 6869 6870 6872 6886 6887 6893 6895 6896 6901 6902 6913 6914 6915 6921 6922 6926 6929 6932 6933 6936 6937 6941 6942 6943 6945 6950 6953 6954 7390 7391 7396 7398 7399 7400 7402 7403 7407 7410 7414 7415 7416 7425 7430 7433 7436 7437 10738 10932 10933 10934 10942 10945 10946 
	}
	weather={
		period={
			between={ 0.0 30.11 }
			temperature={ -10.0 35.0 }
			no_phenomenon=1.500
			rain_light=0.250
			rain_heavy=0.100
			snow=0.000
			blizzard=0.000
			arctic_water=0.000
			mud=0.000
			sandstorm=0.000
			min_snow_level=0.000
		}
	}
}
