
strategic_region={
	id=33
	name="STRATEGICREGION_33"
	provinces={
		1 24 28 83 125 247 277 298 383 404 446 548 786 787 791 793 794 799 800 804 805 806 807 811 812 815 854 855 856 857 858 859 860 861 862 863 864 865 866 867 868 869 870 871 872 873 874 875 876 877 878 879 880 881 882 883 884 1040 1041 1042 1043 1044 1045 1046 1047 1048 1049 1050 1051 1052 1055 1056 1057 1059 1061 1062 3285 3286 3288 3320 3321 3322 3323 3324 3325 3334 3335 3339 3538 3549 3556 3557 3558 3566 3568 8923 8924 8928 8929 8939 8948 8949 8950 8957 8962 8972 8975 8982 8983 8990 8994 9003 9009 9014 9030 9031 9037 9038 9046 9058 9067 9068 9069 9077 9086 9087 9095 9100 9113 9114 9115 9126 9127 9139 9140 9141 9150 9159 9160 9166 9174 9183 9184 9191 9192 9208 9214 9215 9216 9223 9230 9231 9237 9238 9244 9245 9246 9261 9262 9268 9269 9270 9271 9277 9278 9281 9282 9286 9287 9288 9293 9294 9296 9299 9300 9302 9303 9304 9308 9309 9315 9321 9322 9323 9324 9327 9328 9334 9335 9337 9338 9345 9346 9347 9352 9354 9355 9359 9361 9365 9366 9367 9373 9375 9378 9384 9388 9390 10359 10452 10461 10592 10593 10595 10603 10604 10605 10665 10666 10667 10668 10669 10670 10671 10771 10772 10777 
	}
	weather={
		period={
			between={ 0.0 0.0 }
			temperature={ -10.0 35.0 }
			no_phenomenon=1.500
			rain_light=0.250
			rain_heavy=0.100
			snow=0.000
			blizzard=0.000
			arctic_water=0.000
			mud=0.000
			sandstorm=0.000
			min_snow_level=0.000
		}
	}
}
