strategic_region={
	id=34
	name="STRATEGICREGION_34"
	provinces={
		74 298 952 980 1125 1562 1667 2618 2808 2811 3377 3399 3617 3654 4396 4704 4909 5061 5507 5825 11924 11929 11933 11938 11946 11956 11961 11962 11973 11974 11981 11985 11986 11990 11999 12007 12012 12015 12020 12028 12035 12039 12043 12047 12048 12050 12052 12058 12066 12069 12070 12073 12074 12083 12092 12096 12097 12108 12115 12125 12129 12140 12151 
	}
	weather={
		period={
			between={ 0.0 30.11 }
			temperature={ -10.0 35.0 }
			no_phenomenon=1.500
			rain_light=0.250
			rain_heavy=0.100
			snow=0.000
			blizzard=0.000
			arctic_water=0.000
			mud=0.000
			sandstorm=0.000
			min_snow_level=0.000
		}
	}
}
