
strategic_region={
	id=34
	name="STRATEGICREGION_34"
	provinces={
		262 276 293 338 447 489 528 552 783 784 785 788 789 790 792 795 796 797 798 801 802 803 808 809 810 915 919 922 927 930 931 934 938 940 941 943 944 946 3308 3309 3316 3337 3338 3340 3560 3561 3573 3574 8572 8573 8575 8583 8586 8587 8591 8596 8598 8602 8603 8604 8607 8617 8618 8619 8625 8626 8628 8631 8634 8638 8640 8641 8642 8644 8649 8650 8653 8654 8657 8661 8664 8665 8668 8672 8673 8711 8712 8713 8730 8739 8745 8750 8751 8759 8775 8778 8779 8780 8790 8796 8805 8809 8810 8819 8820 8821 8826 8827 8828 8839 8842 8843 8844 8852 8854 8859 8860 8864 8869 8873 8874 8876 8877 8878 8879 8880 8881 8884 8885 8887 8893 8894 8897 8899 8900 8909 8910 8913 8917 8918 8933 8938 8941 8945 8955 8956 8967 8968 8980 8981 8988 8989 9000 9001 9007 9012 9013 9022 9026 9027 9028 9029 9036 9044 9045 9049 9050 9055 9056 9057 9065 9066 9073 9074 9075 9076 9084 9085 9092 9093 9094 9097 9098 9099 9104 9110 9111 9112 9118 9123 9124 9125 9136 9137 9138 9149 9155 9156 9157 9158 9164 9165 9170 9171 9172 9173 9182 9189 9190 9199 9200 9201 9202 9205 9206 9207 9220 9221 9222 9227 9228 9229 9234 9235 9236 9243 9257 9258 9259 9260 9265 9266 9267 9290 9291 9292 9312 9313 9314 9320 9325 9326 9333 9336 9341 9342 9350 9351 9357 9358 9364 9368 9370 9371 9372 9376 9377 9381 9382 9383 9385 9386 9387 9389 9391 9392 9393 9394 9395 9396 9397 9398 9399 9401 9404 9421 9423 9424 9430 9435 9437 9438 9446 9448 9453 9454 9456 9460 9461 9468 9469 9474 9483 9485 9487 9506 9507 9511 9513 9522 9525 9526 9527 9534 9536 9540 9541 9543 9550 9551 9555 9556 9561 9562 9632 9633 9634 9646 9648 9649 9651 9654 9662 9663 9664 9666 9670 9671 9672 9674 9677 9682 9684 10345 10347 10351 10382 10451 10465 10470 10474 10476 10541 10542 10543 10544 10548 10549 10553 10558 10559 10560 10561 10562 10586 10587 10588 10589 10590 10591 10594 10596 10597 10598 10599 10600 10601 10602 10606 10607 10608 10609 10610 10611 10612 10613 10614 10615 10616 10617 10618 10619 10620 10621 
	}
	naval_terrain=water_hyperlane
	weather={
		period={
			between={ 0.0 0.0 }
			temperature={ -10.0 35.0 }
			no_phenomenon=1.500
			rain_light=0.250
			rain_heavy=0.100
			snow=0.000
			blizzard=0.000
			arctic_water=0.000
			mud=0.000
			sandstorm=0.000
			min_snow_level=0.000
		}
	}
}
