strategic_region={
	id=35
	name="STRATEGICREGION_35"
	provinces={
		159 315 393 1088 1317 1468 1542 1544 2454 2459 2494 2982 3047 3427 4405 4699 4714 5358 5949 12134 12143 12152 12157 12165 12168 12172 12181 12185 12191 12205 12206 12219 12222 12225 12236 12241 12242 12253 12254 12267 12276 12277 12280 12304 12310 12311 12326 12334 12342 12343 12367 12368 12375 12381 12389 12397 12398 12405 12413 12416 12427 12435 
	}
	weather={
		period={
			between={ 0.0 30.11 }
			temperature={ -10.0 35.0 }
			no_phenomenon=1.500
			rain_light=0.250
			rain_heavy=0.100
			snow=0.000
			blizzard=0.000
			arctic_water=0.000
			mud=0.000
			sandstorm=0.000
			min_snow_level=0.000
		}
	}
}
