
strategic_region={
	id=35
	name="STRATEGICREGION_35"
	provinces={
		2 32 51 158 170 185 199 322 399 539 947 948 949 950 951 952 953 954 955 956 957 958 960 961 963 990 991 994 995 998 1000 1004 1005 1007 1012 1013 1017 1027 1031 1033 1035 1074 1079 1080 1086 1089 1090 1092 1095 1097 1098 1100 1107 1108 1109 1112 1114 1115 3274 3278 3281 3291 3295 3296 3304 3305 3307 3539 3546 3547 3552 3553 3882 8726 8727 8729 8737 8738 8749 8753 8754 8758 8767 8768 8773 8774 8777 8786 8788 8789 8798 8803 8804 8806 8814 8815 8818 8825 8830 8831 8833 8834 8837 8838 8841 8847 8848 8849 8853 8857 8858 8861 8862 8863 8865 8866 8867 8868 8875 8882 8883 8886 8892 8895 8898 8904 8905 8906 8907 8908 8911 8912 8915 8921 8922 8925 8926 8927 8936 8937 8943 8944 8954 8960 8961 8970 8971 8979 8992 8993 9306 9307 9311 9318 9319 9331 9340 9344 9348 9349 9353 9360 9362 9363 9369 9374 9379 9380 9466 9467 9470 9475 9481 9482 9486 9492 9493 9496 9497 9498 9504 9505 9514 9515 9521 9524 9531 9532 9590 9591 9592 9596 9598 9599 9600 9602 9604 9607 9608 9609 9610 9613 9614 9617 9618 9620 9621 9623 9624 9625 9626 9627 9628 9629 9630 9631 9635 9638 9640 9644 9645 9647 9653 9658 9659 9661 10363 10364 10377 10540 10545 10546 10547 10550 10551 10552 10554 10555 10556 10557 10563 10564 10565 10566 10567 10568 10569 10570 10571 10572 10573 
	}
	naval_terrain=water_hyperlane
	weather={
		period={
			between={ 0.0 0.0 }
			temperature={ -10.0 35.0 }
			no_phenomenon=1.500
			rain_light=0.250
			rain_heavy=0.100
			snow=0.000
			blizzard=0.000
			arctic_water=0.000
			mud=0.000
			sandstorm=0.000
			min_snow_level=0.000
		}
	}
}
