strategic_region={
	id=36
	name="STRATEGICREGION_36"
	provinces={
		35 323 418 913 1171 1503 1833 1865 1977 2168 2225 2246 2423 3165 3276 3351 3481 4130 4932 4938 5151 5187 5498 5658 11645 11646 11660 11662 11675 11677 11678 11688 11689 11692 11693 11696 11710 11711 11713 11716 11721 11723 11729 11730 11734 11735 11738 11740 11746 11751 11752 11754 11755 11764 11775 11777 11784 11793 11798 
	}
	weather={
		period={
			between={ 0.0 30.11 }
			temperature={ -10.0 35.0 }
			no_phenomenon=1.500
			rain_light=0.250
			rain_heavy=0.100
			snow=0.000
			blizzard=0.000
			arctic_water=0.000
			mud=0.000
			sandstorm=0.000
			min_snow_level=0.000
		}
	}
}
