
strategic_region={
	id=36
	name="STRATEGICREGION_36"
	provinces={
		3575 3849 3860 9742 9743 9746 9749 9760 9761 9762 9766 9768 9777 9778 9782 9783 9788 9789 9790 9799 9804 9805 9966 9967 9970 9972 9973 9975 9980 9981 9987 9993 10000 10005 10008 10022 10025 10028 10029 10089 10090 10091 10092 10093 10094 10095 10096 10097 10098 10099 10100 10101 10102 10105 10106 10109 10112 10115 10287 10288 10289 10290 10291 10292 10293 10294 10295 10296 10297 10298 10299 10300 10301 10302 10303 10304 10305 10306 10307 10308 10309 10310 10311 10312 10313 10314 10315 10316 10317 10318 10319 10320 10321 10322 10323 10324 10325 10326 10327 10328 10329 10330 10331 10332 10333 10334 10335 10336 10337 10338 10339 10340 10341 10342 10343 10348 10352 10387 10389 10484 10490 10580 10581 10582 10583 10584 10585 10636 10637 10638 10639 10640 10641 10642 10643 10644 10645 10646 
	}
	naval_terrain=water_hyperlane
	weather={
		period={
			between={ 0.0 0.0 }
			temperature={ -10.0 35.0 }
			no_phenomenon=1.500
			rain_light=0.250
			rain_heavy=0.100
			snow=0.000
			blizzard=0.000
			arctic_water=0.000
			mud=0.000
			sandstorm=0.000
			min_snow_level=0.000
		}
	}
}
