strategic_region={
	id=37
	name="STRATEGICREGION_37"
	provinces={
		220 250 1122 1388 1948 2630 3240 3734 3886 4384 4493 4727 4728 5315 5528 5950 5960 11795 11805 11810 11814 11822 11824 11827 11832 11833 11838 11843 11844 11846 11848 11856 11861 11863 11865 11866 11874 11875 11881 11882 11885 11887 11888 11889 11898 11900 11901 11906 11911 11912 11915 11916 11919 11926 11930 11935 11939 11941 11947 11948 11967 11978 11987 11991 
	}
	weather={
		period={
			between={ 0.0 30.11 }
			temperature={ -10.0 35.0 }
			no_phenomenon=1.500
			rain_light=0.250
			rain_heavy=0.100
			snow=0.000
			blizzard=0.000
			arctic_water=0.000
			mud=0.000
			sandstorm=0.000
			min_snow_level=0.000
		}
	}
}
