
strategic_region={
	id=37
	name="STRATEGICREGION_37"
	provinces={
		3 7 17 64 140 152 154 155 187 209 238 245 271 272 281 283 290 297 304 364 368 373 388 400 417 434 455 470 516 561 562 563 564 565 566 567 568 569 570 571 572 573 576 580 581 582 586 588 589 592 594 596 645 646 649 650 651 653 654 655 656 657 658 659 660 661 662 663 664 665 666 667 668 669 672 673 674 676 677 678 679 680 681 684 685 687 690 692 693 694 696 697 699 700 701 702 703 704 705 706 707 708 709 710 711 712 713 714 715 716 717 718 719 720 738 739 740 741 743 745 746 747 749 750 753 755 756 757 766 3152 3345 3347 3352 3353 3354 3355 3356 3359 3360 3361 3362 3363 3365 3368 3377 3378 3380 3382 3383 3384 3562 3576 3578 3579 3580 3582 3585 3586 3587 3590 3591 3592 3594 3596 3597 3866 3877 3899 3900 3901 3908 3910 3914 4023 9636 9637 9639 9641 9642 9643 9650 9652 9655 9656 9657 9660 9665 9667 9668 9669 9673 9675 9676 9678 9679 9680 9681 9683 9685 9686 9687 9688 9689 9690 9691 9692 9696 9697 9699 9700 9701 9703 10128 10129 10130 10131 10132 10133 10136 10139 10140 10142 10143 10146 10150 10151 10152 10153 10155 10156 10161 10162 10163 10164 10166 10168 10169 10172 10173 10174 10176 10177 10178 10179 10180 10198 10199 10200 10201 10202 10203 10204 10205 10206 10207 10208 10209 10210 10211 10212 10213 10214 10215 10216 10217 10218 10219 10223 10224 10225 10226 10227 10230 10231 10232 10234 10239 10240 10242 10244 10247 10248 10250 10269 10270 10271 10272 10273 10274 10275 10276 10277 10278 10279 10280 10281 10282 10283 10284 10285 10286 10481 10485 10486 10487 10489 10574 10575 10576 10577 10578 10579 
	}
	weather={
		period={
			between={ 0.0 0.0 }
			temperature={ -10.0 35.0 }
			no_phenomenon=1.500
			rain_light=0.250
			rain_heavy=0.100
			snow=0.000
			blizzard=0.000
			arctic_water=0.000
			mud=0.000
			sandstorm=0.000
			min_snow_level=0.000
		}
	}
}
