
strategic_region={
	id=37
	name="STRATEGICREGION_37"
	provinces={
		475 885 886 887 888 889 892 893 894 897 898 899 901 902 906 907 908 910 916 920 3314 3315 3319 3554 3555 3725 3732 3743 8953 8958 8959 8966 8974 8978 8984 8985 8986 8999 9004 9005 9006 9011 9018 9019 9024 9035 9054 9061 9131 9132 9143 9148 9151 9152 9169 9179 9186 9196 9197 9211 9217 9226 9241 9249 9250 9256 9274 9280 9285 10459 10462 10827 10828 10830 
	}
	weather={
		period={
			between={ 0.0 30.11 }
			temperature={ -10.0 35.0 }
			no_phenomenon=1.500
			rain_light=0.250
			rain_heavy=0.100
			snow=0.000
			blizzard=0.000
			arctic_water=0.000
			mud=0.000
			sandstorm=0.000
			min_snow_level=0.000
		}
	}
}
