
strategic_region={
	id=38
	name="STRATEGICREGION_118"
	provinces={
		39 116 2383 2384 2385 2386 2387 2388 2389 2390 2393 2395 2396 2398 2399 2401 2402 2405 2406 2409 3016 3017 3019 3412 5202 5203 5204 5212 5217 5219 5220 5221 5227 5228 5237 5240 5244 5254 5255 5259 5260 5275 5276 5444 5445 5446 5449 5451 5452 5456 5458 5459 5460 5461 5464 5467 5469 5470 5471 5473 5476 5480 5482 5483 5485 5488 5489 5490 5494 5495 5497 5500 5501 5502 5505 5507 5508 5511 5512 5513 5515 5516 5517 5520 5523 5529 5533 5535 5536 5537 5545 5546 5550 5551 5555 5559 5564 5565 5571 5574 5598 5599 5600 5601 5612 5613 5614 5615 5625 5626 5628 5629 5636 5638 5640 5643 5644 10373 11186 11187 11188 11191 11192 11193 11195 
	}
	weather={
		period={
			between={ 0.0 30.11 }
			temperature={ -10.0 35.0 }
			no_phenomenon=1.500
			rain_light=0.250
			rain_heavy=0.100
			snow=0.000
			blizzard=0.000
			arctic_water=0.000
			mud=0.000
			sandstorm=0.000
			min_snow_level=0.000
		}
	}
}
