
strategic_region={
	id=38
	name="STRATEGICREGION_38"
	provinces={
		63 108 386 1069 1070 1072 1073 1075 1077 1081 1082 1085 1088 1091 1096 1102 1103 1104 1106 1113 3277 3279 3280 3545 3805 3853 3865 3887 3891 3892 3893 3902 3903 3905 8261 8262 8269 8282 8283 8296 8301 8310 8321 8330 8331 8344 8347 8348 8349 8355 8366 8372 8519 8520 8525 8530 8533 8534 8540 8541 8546 8551 8553 8554 8558 8561 8565 8570 8571 8574 8582 8585 8600 8601 8606 8615 8616 8623 8624 8630 8632 8633 8637 8639 8646 8647 8656 8659 8660 8670 8671 8692 8693 8697 8700 8701 8702 8710 8720 8721 8725 8728 8736 8748 8757 8765 8766 8772 8795 8797 9417 9418 9420 9422 9429 9433 9434 9440 9442 9443 9444 9451 9452 9455 9459 9464 9465 9473 9480 9500 9501 9509 9510 9516 9517 9520 9529 9530 9535 9539 9544 9545 9546 9549 9554 9558 9559 10354 10362 10367 10376 10448 10455 10803 10804 10807 10814 10818 10819 10820 10821 10822 10823 10824 10825 10826 
	}
	weather={
		period={
			between={ 0.0 0.0 }
			temperature={ -10.0 35.0 }
			no_phenomenon=1.500
			rain_light=0.250
			rain_heavy=0.100
			snow=0.000
			blizzard=0.000
			arctic_water=0.000
			mud=0.000
			sandstorm=0.000
			min_snow_level=0.000
		}
	}
}
