
strategic_region={
	id=39
	name="STRATEGICREGION_39"
	provinces={
		43 56 110 130 181 193 198 229 331 480 495 501 508 1213 1214 1220 1221 1227 1228 1232 1233 1235 1236 1237 1240 1241 1243 1244 1245 1249 1253 1255 1279 1280 1281 1282 1288 1289 1293 1296 1301 1305 1306 1311 1312 1314 1317 1318 1319 1320 1321 1322 1323 1324 1325 3221 3222 3223 3226 3227 3234 3245 3246 3253 3519 3526 3534 3876 7592 7593 7594 7597 7598 7600 7601 7603 7607 7609 7610 7613 7615 7616 7618 7621 7624 7625 7644 7645 7646 7650 7658 7659 7661 7664 7670 7671 7672 7676 7681 7682 7686 7687 7689 7691 7692 7931 7932 7936 7942 7947 7950 7955 7958 7959 7966 7970 7974 7979 7986 7987 7993 7994 8001 8014 8015 8017 8020 8021 8024 8028 8034 8038 8045 8049 8055 8056 8057 8061 8066 8071 8072 8076 8077 8081 8082 8083 8098 8101 8107 8108 8109 8114 8115 8116 8118 8119 8120 8121 8126 8127 8128 8131 8132 8133 8138 8139 8140 8141 8142 8145 8148 8149 8151 8152 8155 8156 8157 8160 8163 10372 10428 10434 10436 10443 10792 10793 10795 11036 11037 11040 11041 11044 11045 11046 11051 11052 11055 11057 11058 11059 11060 11061 11062 
	}
	weather={
		period={
			between={ 0.0 0.0 }
			temperature={ -10.0 35.0 }
			no_phenomenon=1.500
			rain_light=0.250
			rain_heavy=0.100
			snow=0.000
			blizzard=0.000
			arctic_water=0.000
			mud=0.000
			sandstorm=0.000
			min_snow_level=0.000
		}
	}
}
