strategic_region={
	id=39
	name="STRATEGICREGION_39"
	provinces={
		639 713 914 944 1081 1366 2866 3302 3324 3623 3837 4162 4264 4776 4846 5205 5878 5885 5909 5941 6036 11963 11968 11969 11993 12000 12005 12008 12023 12029 12036 12037 12044 12053 12059 12060 12063 12071 12078 12080 12084 12087 12090 12093 12103 12106 12109 12116 12120 12122 12123 12126 12135 12141 12144 12147 12163 12166 12177 12192 12194 12200 
	}
	weather={
		period={
			between={ 0.0 30.11 }
			temperature={ -10.0 35.0 }
			no_phenomenon=1.500
			rain_light=0.250
			rain_heavy=0.100
			snow=0.000
			blizzard=0.000
			arctic_water=0.000
			mud=0.000
			sandstorm=0.000
			min_snow_level=0.000
		}
	}
}
