
strategic_region={
	id=39
	name="STRATEGICREGION_119"
	provinces={
		94 219 307 429 2655 2664 2670 2672 2678 2679 2680 2683 2687 2758 2759 2760 2761 2762 2763 2764 2765 2766 2767 2768 2769 2770 2771 2772 2773 2774 2944 2945 2946 2962 3386 3388 3808 3810 4056 4057 4058 4059 4060 4061 4062 4063 4064 4065 4066 4067 4068 4069 4070 4071 4072 4073 4074 4075 4076 4077 4078 4079 4080 4081 4082 4083 4084 4085 4086 4087 4088 4089 4090 4091 4092 4093 4094 4095 4096 4097 4098 4099 4100 4101 4102 4103 4104 4105 4106 4107 4108 4109 4110 4111 4112 4113 4114 4117 4119 4121 4122 4123 4125 4127 4130 4133 4134 4135 4137 4139 4140 4147 4148 4149 4150 4151 4152 4155 4157 4158 4160 4161 4163 4165 4166 4169 4171 4172 4173 4174 4177 4179 4180 4181 4182 4184 4185 4188 4189 4190 4192 4193 4195 4196 4197 4198 4199 4200 4201 4202 4206 4207 4210 4211 4215 4217 4218 4221 4222 4223 4226 4234 4235 4236 4243 4244 10346 10349 11063 11064 11065 11066 11067 
	}
	weather={
		period={
			between={ 0.0 30.11 }
			temperature={ -10.0 35.0 }
			no_phenomenon=1.500
			rain_light=0.250
			rain_heavy=0.100
			snow=0.000
			blizzard=0.000
			arctic_water=0.000
			mud=0.000
			sandstorm=0.000
			min_snow_level=0.000
		}
	}
}
