
strategic_region={
	id=4
	name="STRATEGICREGION_4"
	provinces={
		4 9 18 27 43 56 63 72 78 80 100 108 110 111 130 148 150 162 167 173 181 193 194 198 200 229 234 312 326 330 331 335 369 386 435 438 477 480 483 495 501 508 541 1069 1070 1071 1072 1073 1075 1076 1077 1078 1081 1082 1083 1084 1085 1087 1088 1091 1093 1094 1096 1099 1101 1102 1103 1104 1105 1106 1110 1111 1113 1146 1147 1149 1150 1152 1153 1154 1155 1156 1157 1158 1159 1177 1178 1179 1180 1181 1182 1183 1184 1185 1186 1187 1188 1189 1190 1191 1192 1193 1194 1195 1196 1197 1198 1199 1202 1203 1204 1205 1206 1207 1210 1211 1212 1213 1214 1216 1218 1219 1220 1221 1224 1225 1226 1227 1228 1230 1231 1232 1233 1235 1236 1237 1240 1241 1243 1244 1245 1247 1248 1249 1251 1252 1253 1254 1255 1256 1257 1258 1259 1261 1265 1268 1271 1276 1279 1280 1281 1282 1288 1289 1293 1296 1301 1305 1306 1311 1312 1314 1317 1318 1319 1320 1321 1322 1323 1324 1325 2917 2927 3221 3222 3223 3226 3227 3234 3240 3242 3245 3246 3247 3250 3251 3252 3253 3254 3255 3257 3258 3259 3264 3265 3266 3275 3276 3277 3279 3280 3282 3445 3519 3526 3532 3534 3537 3541 3545 3663 3805 3850 3854 3857 3858 3864 3872 3876 3887 4014 6731 6732 6733 6758 6759 6763 6775 6780 6781 6782 6791 6795 6799 6801 6802 6805 6814 6815 7210 7211 7213 7217 7220 7223 7225 7227 7243 7244 7250 7255 7262 7271 7281 7282 7285 7294 7295 7300 7592 7593 7594 7595 7596 7597 7598 7599 7600 7601 7602 7603 7604 7605 7606 7607 7608 7609 7610 7611 7612 7613 7614 7615 7616 7617 7618 7619 7620 7621 7622 7623 7624 7625 7629 7630 7644 7645 7646 7650 7658 7659 7661 7664 7670 7671 7672 7676 7681 7682 7686 7687 7689 7691 7692 7718 7719 7728 7733 7734 7748 7749 7750 7752 7753 7757 7762 7763 7768 7769 7774 7778 7779 7785 7786 7794 7795 7800 7801 7802 7807 7808 7818 7821 7822 7824 7825 7826 7835 7839 7852 7858 7931 7932 7935 7936 7939 7940 7942 7944 7945 7947 7950 7954 7955 7957 7958 7959 7962 7964 7965 7966 7969 7970 7973 7974 7978 7979 7985 7986 7987 7990 7991 7992 7993 7994 8000 8001 8002 8006 8009 8012 8014 8015 8016 8017 8020 8021 8022 8023 8024 8028 8033 8034 8038 8043 8044 8045 8049 8052 8053 8054 8055 8056 8057 8061 8066 8071 8072 8075 8076 8077 8081 8082 8083 8086 8087 8088 8097 8098 8101 8107 8108 8109 8114 8115 8116 8118 8119 8120 8121 8126 8127 8128 8131 8132 8133 8138 8139 8140 8141 8142 8145 8148 8149 8151 8152 8155 8156 8157 8158 8159 8160 8161 8162 8163 8164 8165 8169 8170 8173 8174 8175 8177 8182 8183 8184 8187 8188 8195 8197 8206 8213 8214 8219 8220 8244 8250 8253 8254 8255 8260 8261 8262 8269 8281 8282 8283 8291 8292 8293 8296 8301 8305 8310 8319 8320 8321 8329 8330 8331 8332 8343 8344 8347 8348 8349 8355 8366 8372 8442 8443 8445 8454 8460 8464 8465 8470 8475 8485 8498 8502 8504 8505 8510 8518 8519 8520 8525 8528 8529 8530 8533 8534 8540 8541 8546 8551 8553 8554 8558 8561 8565 8570 8571 8574 8582 8585 8600 8601 8606 8615 8616 8623 8624 8630 8632 8633 8637 8639 8646 8647 8656 8659 8660 8670 8671 8692 8693 8697 8700 8701 8702 8710 8720 8721 8725 8728 8736 8748 8757 8765 8766 8772 8795 8797 10354 10362 10367 10372 10396 10403 10409 10410 10426 10428 10434 10436 10440 10443 10448 10739 10790 10791 10792 10793 10794 10795 10796 10797 10798 10799 10800 10803 10804 10806 10807 10810 10811 10814 10817 10818 10819 10820 10821 10822 10823 10824 10825 10826 11036 11037 11038 11039 11040 11041 11042 11043 11044 11045 11046 11047 11048 11049 11050 11051 11052 11053 11054 11055 11056 11057 11058 11059 11060 11061 11062 11087 11088 11091 
	}
	weather={
		period={
			between={ 0.0 30.11 }
			temperature={ -10.0 35.0 }
			no_phenomenon=1.500
			rain_light=0.250
			rain_heavy=0.100
			snow=0.000
			blizzard=0.000
			arctic_water=0.000
			mud=0.000
			sandstorm=0.000
			min_snow_level=0.000
		}
	}
}
