
strategic_region={
	id=4
	name="STRATEGICREGION_4"
	provinces={
		46 67 122 134 180 297 379 391 392 457 467 491 574 582 623 632 671 692 779 801 822 840 863 881 993 1054 1089 1090 1091 1124 1166 1172 1206 1212 1231 1310 1312 1402 1405 1553 1625 1626 1653 1669 1693 1710 1720 1754 1793 1823 1839 1884 1916 1943 1959 2037 2173 2220 2252 2290 2298 2332 2336 2340 2346 2351 2353 2370 2467 2522 2526 2530 2551 2580 2610 2639 2642 2659 2709 2741 2744 2801 2824 2825 2870 2898 2933 2944 2959 2960 2968 3015 3078 3092 3130 3141 3163 3205 3265 3322 3416 3422 3473 3501 3515 3554 3610 3629 3668 3680 3707 3727 3743 3805 3826 3839 3924 3937 3984 4001 4023 4056 4075 4160 4176 4217 4301 4350 4426 4512 4535 4536 4556 4622 4666 4680 4681 4706 4726 4788 4812 4815 4827 4862 4898 4950 4992 5010 5018 5092 5095 5120 5159 5291 5367 5386 5405 5437 5474 5478 5500 5536 5588 5601 5656 5670 5708 5805 5832 5838 5874 5897 5907 6029 6037 6049 6112 6189 6195 6223 6263 6272 12603 12604 12616 12631 12648 12655 12664 12674 12683 12702 12703 12719 12724 12729 12735 12736 12755 12756 12760 12763 12764 12766 12773 12781 12785 12786 12796 12797 12804 12820 12826 12836 12837 12846 12847 12852 12856 12862 12870 12875 12877 12890 12896 12902 12963 12964 12970 12971 12980 12981 12983 12990 12994 13008 13018 13019 13035 13039 13040 13046 13051 13061 13064 13069 13071 13075 13076 13085 13086 13087 13088 13091 13092 13097 13098 13104 13105 13106 13111 13112 13113 13115 13118 13119 13121 13125 13126 13127 13133 13134 13135 13136 13140 13146 13147 13151 13153 13154 13156 13159 13163 13165 13168 13169 13171 13174 13175 13176 13178 13185 13189 13191 13192 13193 13197 13199 13202 13205 13209 13211 13212 13217 13225 13226 13229 13235 13241 13242 13244 13248 13249 13253 13254 13255 13256 13257 13265 13270 13271 13272 13273 13276 13277 13282 13283 13284 13285 13286 13288 13289 13301 13308 13309 13312 13316 13317 13318 13320 13334 13335 13338 13339 13348 13349 13355 13356 13360 13363 13372 13375 13383 13389 13393 13396 13397 13406 13407 13415 13416 13426 13427 13428 13434 13435 13455 13456 13460 13464 13469 13470 13471 13482 13499 13500 13505 13511 13512 13519 13525 13526 13527 13532 13536 13544 13553 13554 13563 13570 13574 13575 13584 13587 13588 13589 13594 13595 13609 13610 13611 13623 13624 13625 13627 13636 13653 13666 13682 13687 13696 13709 13710 13714 13716 13727 13728 13735 13738 13739 13741 13749 13750 13763 13764 13767 13768 13769 13770 13771 13781 13783 13789 13790 13802 13803 13804 13805 13813 13814 13818 13819 13820 13825 13832 13833 13841 13842 13847 13848 13849 13854 13855 13861 13863 13864 13865 13868 13869 13872 13882 13883 13884 13891 13894 13900 13901 13907 13908 13923 13924 13925 13930 13934 13935 13939 13942 13943 13949 13955 13957 13958 13964 13965 13966 13969 13981 13982 13987 13992 13995 13997 13998 14019 14020 14026 14027 14028 14029 14033 14036 14037 14042 14043 14055 14069 14070 14071 14085 14086 14091 14100 14110 14130 14131 14140 14248 14249 14263 14305 14320 14321 14322 14323 14336 14339 14344 14345 14354 14355 14360 14367 14373 14377 14380 14385 14395 14396 14402 14403 14407 14415 14421 14422 14425 14428 14432 14433 14439 14445 14446 14447 14448 14454 14455 14462 14466 14467 14470 14475 14476 14477 18762 18916 19033 
	}
	naval_terrain=water_planets
	weather={
	}
}
