
strategic_region={
	id=4
	name="STRATEGICREGION_4"
	provinces={
		8 103 268 538 2010 2011 2014 2015 2018 2019 2021 2022 2024 2027 2028 2029 2030 2032 3093 3094 3096 3446 3453 3456 6017 6018 6020 6021 6023 6025 6027 6028 6029 6033 6036 6037 6038 6041 6042 6044 6045 6046 6047 6050 6051 6053 6055 6059 6061 6062 6064 6066 6067 6070 6077 6078 6082 6083 6084 6088 6093 6243 6244 6251 6252 6270 6271 6274 6275 6282 6297 6303 6309 6310 6315 6325 6326 6334 6335 6343 6351 6357 6358 6359 6361 6369 6371 6372 6375 6376 6377 6381 6382 6387 6392 6393 6394 6397 6398 6400 6403 6407 6409 6410 6413 6414 6416 6421 6425 6426 6427 6430 6442 6450 6464 6465 6468 6469 6470 6476 6485 6486 6496 6503 6504 6509 6519 6526 6547 6548 6549 6555 6559 6573 6575 10859 10860 10861 10862 10870 10871 10875 10876 10877 10879 10881 10885 10886 10888 10890 
	}
	naval_terrain=water_hyperlane
	weather={
		period={
			between={ 0.0 0.0 }
			temperature={ -10.0 35.0 }
			no_phenomenon=1.500
			rain_light=0.250
			rain_heavy=0.100
			snow=0.000
			blizzard=0.000
			arctic_water=0.000
			mud=0.000
			sandstorm=0.000
			min_snow_level=0.000
		}
	}
}
