
strategic_region={
	id=40
	name="STRATEGICREGION_40"
	provinces={
		4 9 18 27 72 78 80 100 111 148 150 162 167 173 194 200 234 312 326 330 335 369 435 438 477 483 541 1071 1076 1078 1083 1084 1087 1093 1094 1099 1101 1105 1110 1111 1146 1147 1149 1150 1152 1153 1154 1155 1156 1157 1158 1159 1177 1178 1179 1180 1181 1182 1183 1184 1185 1186 1187 1188 1189 1190 1191 1192 1193 1194 1195 1196 1197 1198 1199 1202 1203 1204 1205 1206 1207 1210 1211 1212 1216 1218 1219 1224 1225 1226 1230 1231 1247 1248 1251 1252 1254 1256 1257 1258 1259 1261 1265 1268 1271 1276 2917 2927 3240 3242 3247 3250 3251 3252 3254 3255 3257 3258 3259 3264 3265 3266 3275 3276 3282 3445 3532 3537 3541 3663 3854 3857 3858 3872 7595 7596 7599 7602 7604 7605 7606 7608 7611 7612 7614 7617 7619 7620 7622 7623 7629 7630 7748 7749 7757 7762 7768 7774 7785 7786 7800 7801 7807 7818 7821 7824 7825 7835 7839 7852 7858 7935 7939 7940 7944 7945 7954 7957 7962 7964 7965 7969 7973 7978 7985 7990 7991 7992 8000 8002 8006 8009 8012 8016 8022 8023 8033 8043 8044 8052 8053 8054 8075 8086 8087 8088 8097 8158 8159 8161 8162 8164 8165 8169 8170 8173 8174 8175 8177 8182 8183 8184 8187 8188 8195 8197 8206 8213 8214 8219 8220 8244 8250 8253 8254 8255 8260 8281 8291 8292 8293 8305 8319 8320 8329 8332 8343 8442 8443 8445 8454 8460 8464 8465 8470 8475 8485 8498 8502 8504 8505 8510 8518 8528 8529 10396 10426 10440 10739 10790 10791 10794 10796 10797 10798 10799 10800 10806 10810 10811 10817 11038 11039 11042 11043 11047 11048 11049 11050 11053 11054 11056 
	}
	weather={
		period={
			between={ 0.0 0.0 }
			temperature={ -10.0 35.0 }
			no_phenomenon=1.500
			rain_light=0.250
			rain_heavy=0.100
			snow=0.000
			blizzard=0.000
			arctic_water=0.000
			mud=0.000
			sandstorm=0.000
			min_snow_level=0.000
		}
	}
}
