
strategic_region={
	id=40
	name="STRATEGICREGION_120"
	provinces={
		305 391 2365 2366 2367 2368 2369 2370 2371 2372 2373 2374 2375 2376 2377 2378 2379 2380 2381 2382 2867 3020 3021 3022 3420 3425 3632 4368 4369 4370 4371 4372 4373 4374 4375 4376 4377 4378 4379 4380 4381 4385 4386 4387 4388 4393 4395 4457 4458 4459 4463 4467 4468 4469 4477 4478 4479 4481 4482 4491 4494 4495 4496 4507 4509 4681 4682 4683 4695 4696 4702 4711 4713 4714 4715 4726 4727 4732 4745 4756 4757 4884 4885 4886 4903 4904 4905 4911 4918 4932 4946 4947 4960 4961 4967 4972 4981 4999 5000 5007 5205 5206 5209 5210 5223 5224 5225 5232 5234 5238 5242 5252 5256 5257 5262 5267 5268 5278 5280 5525 5526 5528 5531 5532 5534 5541 5542 5547 5549 5554 5558 5562 5563 5567 5568 5577 5579 5581 8060 10357 10369 10378 11095 11096 11097 11098 11099 11100 11104 11105 11106 11107 11110 11111 11113 11114 11116 11130 11131 11132 
	}
	weather={
		period={
			between={ 0.0 30.11 }
			temperature={ -10.0 35.0 }
			no_phenomenon=1.500
			rain_light=0.250
			rain_heavy=0.100
			snow=0.000
			blizzard=0.000
			arctic_water=0.000
			mud=0.000
			sandstorm=0.000
			min_snow_level=0.000
		}
	}
}
