
strategic_region={
	id=41
	name="STRATEGICREGION_41"
	provinces={
		3830 3843 3845 3850 3864 4014 5784 5785 5786 5787 5788 5789 5790 5791 5792 5793 5794 5795 5796 5797 5798 5799 5800 5801 5802 5803 5867 5868 5869 5879 5880 5881 5888 5891 5894 5898 5899 5905 5907 5908 5909 5912 5913 5914 5923 5924 5925 5930 5931 5932 5939 5940 5941 5942 5943 5954 5955 5956 5963 5964 5975 5982 5983 6434 6435 6436 6437 6454 6458 6459 6462 6463 6477 6478 6482 6483 6494 6500 6501 6508 6515 6516 6525 6532 6538 6539 6540 6541 6544 6545 6562 6563 6570 6571 6572 6578 6581 6588 6593 6610 6611 6614 6620 6625 6628 6630 6631 6636 6637 6639 6642 6647 6650 6651 6653 6659 6664 6665 6666 6731 6732 6733 6758 6759 6763 6775 6780 6781 6782 6791 6795 6799 6801 6802 6805 6814 6815 7210 7211 7213 7217 7220 7223 7225 7227 7243 7244 7245 7246 7250 7251 7252 7255 7262 7267 7271 7272 7273 7277 7281 7282 7285 7286 7287 7294 7295 7296 7300 7301 7305 7312 7316 7317 7318 7321 7327 7534 7535 7536 7537 7539 7540 7542 7545 7546 7547 7548 7549 7550 7551 7552 7553 7554 7555 7556 7557 7558 7559 7560 7561 7562 7566 7567 7568 7569 7570 7575 7576 7577 7580 7581 7718 7719 7728 7733 7734 7750 7752 7753 7763 7769 7778 7779 7794 7795 7802 7808 7822 7826 10374 10379 10383 10402 10403 10409 10410 10507 10508 10511 10512 11083 11084 11085 11086 11087 11088 11089 11090 11091 
	}
	naval_terrain=water_hyperlane
	weather={
		period={
			between={ 0.0 0.0 }
			temperature={ -10.0 35.0 }
			no_phenomenon=1.500
			rain_light=0.250
			rain_heavy=0.100
			snow=0.000
			blizzard=0.000
			arctic_water=0.000
			mud=0.000
			sandstorm=0.000
			min_snow_level=0.000
		}
	}
}
