
strategic_region={
	id=42
	name="STRATEGICREGION_122"
	provinces={
		141 228 301 336 473 2299 2300 2308 2309 2312 2318 2319 2321 2322 2328 2329 2331 2332 3029 3030 3036 3402 3419 3421 3426 3642 3802 3815 3949 5154 5155 5161 5165 5166 5172 5174 5183 5184 5185 5187 5189 5192 5193 5195 5197 5198 5199 5200 5207 5208 5214 5215 5216 5222 5226 5233 5235 5236 5239 5243 5245 5246 5247 5253 5258 5270 5273 5274 5590 5591 5592 5593 5597 5603 5604 5606 5607 5617 5620 5621 5623 5624 5627 5635 5637 5639 5645 5646 5647 5648 5649 5650 5651 5652 5653 5654 5655 5656 5657 5658 5659 5662 5663 5664 5665 5666 5668 5669 5672 5673 5674 5675 5676 5678 5681 5682 5683 5684 5685 5686 5687 5688 5689 5690 5691 5692 5693 5694 5695 5696 5697 5700 5701 5703 5705 5707 5709 5711 5715 5720 5721 5724 11183 11184 11185 11189 11190 11194 11196 11197 11198 11199 11200 11201 11202 11203 
	}
	weather={
		period={
			between={ 0.0 30.11 }
			temperature={ -10.0 35.0 }
			no_phenomenon=1.500
			rain_light=0.250
			rain_heavy=0.100
			snow=0.000
			blizzard=0.000
			arctic_water=0.000
			mud=0.000
			sandstorm=0.000
			min_snow_level=0.000
		}
	}
}
