strategic_region={
	id=42
	name="STRATEGICREGION_42"
	provinces={
		3 36 111 230 350 360 456 485 674 815 901 1005 1059 1076 1138 1249 1325 1552 1615 1663 1708 1903 2026 2207 2288 2333 2462 2515 2733 2747 2795 2980 3090 3128 3317 3356 3438 3475 3538 3565 3625 3672 3767 3799 3841 4022 4041 4088 4234 4311 4450 4467 4489 4506 4577 4613 4745 4746 4999 5035 5433 5481 5518 5780 5963 5985 6097 6152 10290 10291 10296 10302 10303 10314 10325 10326 10335 10339 10352 10363 10364 10365 10371 10387 10392 10396 10404 10417 10426 10427 10431 10432 10433 10440 10443 10454 10455 10456 10461 10462 10468 10474 10475 10479 10480 10483 10484 10485 10489 10495 10496 10497 10503 10513 10514 10515 10516 10522 10523 10526 10534 10545 10546 10550 10554 10555 10556 10557 10561 10567 10568 10583 10585 10586 10589 10590 10595 10596 10597 10603 10617 10618 10625 10626 10634 10635 10655 10656 10657 10670 10671 10679 10685 10686 10688 10689 10690 10692 10693 10703 10704 10708 10709 10717 10719 10720 10725 10726 10738 10745 10755 10758 10759 10761 10762 10763 10769 10772 10777 10778 10779 10782 10784 10785 10792 10793 10794 10801 10802 10805 10806 10810 10816 10817 10834 10835 10843 10851 10861 10862 
	}
	weather={
		period={
			between={ 0.0 30.11 }
			temperature={ -10.0 35.0 }
			no_phenomenon=1.500
			rain_light=0.250
			rain_heavy=0.100
			snow=0.000
			blizzard=0.000
			arctic_water=0.000
			mud=0.000
			sandstorm=0.000
			min_snow_level=0.000
		}
	}
}
