
strategic_region={
	id=43
	name="STRATEGICREGION_43"
	provinces={
		55 59 94 132 219 289 307 362 424 429 2655 2664 2670 2672 2678 2679 2680 2683 2687 2729 2733 2735 2736 2737 2739 2740 2741 2742 2758 2759 2760 2761 2762 2763 2764 2765 2766 2767 2768 2769 2770 2771 2772 2773 2774 2867 2944 2945 2946 2950 2951 2952 2962 3385 3386 3388 3632 4368 4369 4370 4371 4372 4373 4374 4375 4376 4377 4378 4379 4380 4381 4385 4386 4387 4388 4393 4395 4457 4458 4459 4463 4467 4468 4469 4477 4478 4479 4481 4482 4491 4494 4495 4496 4507 4509 4681 4682 4683 4695 4696 4702 4711 4713 4714 4715 4726 4727 4732 4745 4756 4757 4884 4885 4886 4903 4904 4905 4911 4918 4932 4946 4947 4960 4961 4967 4972 4981 4999 5000 5007 8060 10357 10369 11095 11096 11097 11098 11099 11100 11104 11105 11106 11107 11110 11111 
	}
	weather={
		period={
			between={ 0.0 0.0 }
			temperature={ -10.0 35.0 }
			no_phenomenon=1.500
			rain_light=0.250
			rain_heavy=0.100
			snow=0.000
			blizzard=0.000
			arctic_water=0.000
			mud=0.000
			sandstorm=0.000
			min_snow_level=0.000
		}
	}
}
