
strategic_region={
	id=44
	name="STRATEGICREGION_44"
	provinces={
		3808 3810 4056 4057 4058 4059 4060 4061 4062 4063 4064 4065 4066 4067 4068 4069 4070 4071 4072 4073 4074 4075 4076 4077 4078 4079 4080 4081 4082 4083 4084 4085 4086 4087 4088 4089 4090 4091 4092 4093 4094 4095 4096 4097 4098 4099 4100 4101 4102 4103 4104 4105 4106 4107 4108 4109 4110 4111 4112 4113 4114 4117 4119 4121 4122 4123 4125 4127 4130 4133 4134 4135 4137 4139 4140 4147 4148 4149 4150 4151 4152 4155 4157 4158 4160 4161 4163 4165 4166 4169 4171 4172 4173 4174 4177 4179 4180 4181 4182 4184 4185 4188 4189 4190 4192 4193 4195 4196 4197 4198 4199 4200 4201 4202 4206 4207 4210 4211 4215 4217 4218 4221 4222 4223 4226 4228 4229 4230 4231 4234 4235 4236 4239 4240 4241 4242 4243 4244 4247 4248 4249 4250 4251 4252 4253 4254 4255 4256 4257 4258 4259 4260 4261 4262 4263 4264 4265 4266 4267 4268 4269 4270 4271 4272 4345 4346 4347 4351 4352 4353 4354 4356 4357 4358 4359 4360 4361 4362 4363 4364 4365 4366 4367 10346 10349 10406 11063 11064 11065 11066 11067 11068 11070 
	}
	weather={
		period={
			between={ 0.0 0.0 }
			temperature={ -10.0 35.0 }
			no_phenomenon=1.500
			rain_light=0.250
			rain_heavy=0.100
			snow=0.000
			blizzard=0.000
			arctic_water=0.000
			mud=0.000
			sandstorm=0.000
			min_snow_level=0.000
		}
	}
}
