
strategic_region={
	id=44
	name="STRATEGICREGION_123"
	provinces={
		235 320 394 472 547 2122 2123 2125 2127 2128 2130 2131 2132 2134 2236 2241 2242 2243 2249 2250 2251 2254 2255 2256 2258 2259 2260 3044 3045 3048 3070 3071 3073 3434 3436 5824 5825 5826 5832 5833 5837 5838 5841 5842 5846 5850 5851 5852 5854 5857 5861 5862 5863 5864 5870 5871 5873 5878 5883 5884 5885 5889 5890 5895 5900 5901 5903 5904 5906 5910 5911 5915 5916 5917 5918 5919 5920 5921 5922 5926 5927 5929 5933 5934 5935 5936 5937 5938 5944 5945 5946 5947 5950 5951 5957 5958 5965 5966 5969 5971 5976 5979 5984 5985 5994 5998 5999 10737 10891 10892 10893 10894 10895 10896 10897 10898 10901 
	}
	weather={
		period={
			between={ 0.0 30.11 }
			temperature={ -10.0 35.0 }
			no_phenomenon=1.500
			rain_light=0.250
			rain_heavy=0.100
			snow=0.000
			blizzard=0.000
			arctic_water=0.000
			mud=0.000
			sandstorm=0.000
			min_snow_level=0.000
		}
	}
}
