
strategic_region={
	id=45
	name="STRATEGICREGION_45"
	provinces={
		10 38 153 159 231 256 332 350 360 421 493 503 556 2558 2559 2569 2570 2572 2574 2580 2581 2582 2583 2585 2586 2588 2589 2590 2591 2592 2628 2629 2630 2631 2632 2633 2636 2637 2638 2639 2640 2642 2645 2646 2647 2648 2651 2654 2656 2657 2661 2663 2665 2668 2671 2673 2674 2675 2676 2677 2681 2682 2684 2685 2686 2688 2689 2690 2963 2964 2965 2966 2968 2969 2972 2973 2983 2984 2991 3395 3396 3619 4614 4615 4616 4630 4631 4634 4635 4638 4642 4648 4650 4651 4654 4655 4658 4662 4665 4667 4687 4688 4689 4694 4697 4698 4699 4706 4709 4710 4712 4722 4731 4738 4739 4740 4748 4753 4761 4762 10358 11074 11101 11102 11103 
	}
	naval_terrain=water_hyperlane
	weather={
		period={
			between={ 0.0 0.0 }
			temperature={ -10.0 35.0 }
			no_phenomenon=1.500
			rain_light=0.250
			rain_heavy=0.100
			snow=0.000
			blizzard=0.000
			arctic_water=0.000
			mud=0.000
			sandstorm=0.000
			min_snow_level=0.000
		}
	}
}
