
strategic_region={
	id=45
	name="STRATEGICREGION_83"
	provinces={
		247 1040 1041 1042 1043 1044 1045 1046 1047 1048 1049 1050 1051 1052 1055 1056 1057 1059 1061 1062 3285 3286 3288 3538 3549 3557 3558 8923 8924 8928 8929 8939 8948 8949 8950 8957 8962 8972 8975 8982 8983 8990 8994 9003 9009 9014 9030 9031 9037 9038 9046 9058 9067 9068 9069 9077 9086 9087 9095 9100 9113 9114 9115 9126 9127 9139 9140 9141 9150 9159 9160 9166 9174 9183 9184 9191 9192 9208 9214 9215 9216 9223 9230 9231 9237 9238 9244 9245 9246 9261 9262 9268 9277 9281 9282 9286 9293 9299 9300 9302 9303 9321 9322 10452 10461 10592 10593 10595 10603 10604 10605 10665 10666 10667 10668 
	}
	weather={
		period={
			between={ 0.0 30.11 }
			temperature={ -10.0 35.0 }
			no_phenomenon=1.500
			rain_light=0.250
			rain_heavy=0.100
			snow=0.000
			blizzard=0.000
			arctic_water=0.000
			mud=0.000
			sandstorm=0.000
			min_snow_level=0.000
		}
	}
}
