
strategic_region={
	id=49
	name="STRATEGICREGION_87"
	provinces={
		209 281 455 645 646 649 650 651 655 656 657 658 660 663 664 666 672 673 3362 3363 3368 3866 3877 3899 3900 3901 3908 3910 3914 4023 9636 9637 9639 9641 9642 9643 9650 9652 9655 9656 9657 9660 9665 9667 9668 9669 9673 9675 9676 9678 9679 9680 9681 9683 9685 9686 9687 9688 9689 9690 9691 9692 9696 9697 9699 9700 9701 9703 10198 10199 10200 10201 10202 10203 10204 10205 10206 10207 10208 10209 10210 10211 10212 10213 10214 10215 10216 10217 10218 10219 10223 10224 10225 10226 10227 10230 10231 10232 10234 10239 10240 10242 10244 10247 10248 10250 10269 10270 10271 10272 10273 10274 10275 10276 10277 10278 10279 10280 10281 10282 10283 10284 10285 10286 10481 10485 10486 10487 10489 10577 10578 10579 
	}
	weather={
		period={
			between={ 0.0 30.11 }
			temperature={ -10.0 35.0 }
			no_phenomenon=1.500
			rain_light=0.250
			rain_heavy=0.100
			snow=0.000
			blizzard=0.000
			arctic_water=0.000
			mud=0.000
			sandstorm=0.000
			min_snow_level=0.000
		}
	}
}
