
strategic_region={
	id=5
	name="STRATEGICREGION_5"
	provinces={
		146 483 557 635 686 758 769 893 946 947 1154 1156 1228 1292 1308 1414 1501 1621 1685 1730 1886 2004 2269 2322 2508 2519 2648 2716 2750 2852 2874 3230 3371 3529 3749 4004 4067 4200 4223 4251 4347 4434 4667 4670 4687 4744 4781 4787 4808 4835 4884 4937 5633 5758 5827 5895 5912 5932 6058 6134 12946 12947 12951 12966 12967 12969 12978 12979 12985 12988 12989 12992 13002 13004 13011 13012 13024 13032 13034 13038 13045 13052 13054 13055 13059 13060 13063 13067 13068 13070 13072 13074 13077 13079 13080 13083 13084 13090 13095 13096 13099 13102 13103 13110 13116 13117 13120 13123 13124 13128 13132 13138 13139 13143 13144 13145 13148 13149 13150 13155 13157 13158 13160 13161 13162 13164 13166 13167 13170 13172 13173 13177 13179 13180 13181 13182 13187 13188 13190 13196 13201 13207 13208 13222 13223 13224 13233 13243 13247 13252 13269 13281 13295 13304 13307 13326 13346 13347 13353 13371 13382 13392 13405 13414 13433 13438 13439 13445 13453 13454 13474 13475 13479 13480 13481 13498 13504 13518 13524 13531 13543 13557 13562 13569 13572 13573 13583 13600 13616 13617 18777 18822 18868 18921 19020 
	}
	naval_terrain=water_planets
	weather={
	}
}
