
strategic_region={
	id=5
	name="STRATEGICREGION_5"
	provinces={
		3 7 17 64 140 152 154 155 187 209 238 245 271 272 281 283 290 297 304 338 364 368 373 388 400 417 434 455 470 489 516 528 561 562 563 564 565 566 567 568 569 570 571 572 573 576 580 581 582 586 588 589 592 594 596 645 646 649 650 651 653 654 655 656 657 658 659 660 661 662 663 664 665 666 667 668 669 672 673 674 676 677 678 679 680 681 684 685 687 690 692 693 694 696 697 699 700 701 702 703 704 705 706 707 708 709 710 711 712 713 714 715 716 717 718 719 720 738 739 740 741 743 745 746 747 749 750 753 755 756 757 766 783 784 785 788 789 790 792 795 796 797 798 801 802 803 808 809 810 3152 3337 3338 3340 3345 3347 3352 3353 3354 3355 3356 3359 3360 3361 3362 3363 3365 3368 3377 3378 3380 3382 3383 3384 3582 
	}
	weather={
	}
}
