
strategic_region={
	id=50
	name="STRATEGICREGION_88"
	provinces={
		152 154 238 271 297 470 572 573 576 580 581 582 586 588 589 592 594 596 3377 3378 3380 3590 3591 3596 10128 10129 10130 10131 10132 10133 10136 10139 10140 10142 10143 10146 10150 10151 10152 10153 10155 10156 10161 10162 10163 10164 10166 10168 10169 10172 10173 10174 10176 10177 10178 10179 10180 10574 10575 10576 
	}
	weather={
		period={
			between={ 0.0 30.11 }
			temperature={ -10.0 35.0 }
			no_phenomenon=1.500
			rain_light=0.250
			rain_heavy=0.100
			snow=0.000
			blizzard=0.000
			arctic_water=0.000
			mud=0.000
			sandstorm=0.000
			min_snow_level=0.000
		}
	}
}
