
strategic_region={
	id=51
	name="STRATEGICREGION_89"
	provinces={
		187 290 304 364 373 388 561 562 563 564 565 566 567 568 569 570 571 3382 3383 3384 3594 3597 3849 10089 10090 10091 10092 10093 10094 10095 10096 10097 10098 10099 10100 10101 10102 10105 10106 10109 10112 10115 10287 10288 10289 10290 10291 10292 10293 10294 10295 10296 10297 10298 10299 10300 10301 10302 10303 10304 10305 10306 10307 10308 10309 10310 10311 10312 10313 10314 10315 10316 10317 10318 10319 10320 10321 10322 10323 10324 10325 10326 10327 10328 10329 10330 10331 10332 10333 10334 10335 10336 10337 10338 10339 10340 10341 10342 10343 10348 10387 10389 10490 10580 10581 10582 10583 10584 10585 10643 10644 10645 10646 
	}
	weather={
		period={
			between={ 0.0 30.11 }
			temperature={ -10.0 35.0 }
			no_phenomenon=1.500
			rain_light=0.250
			rain_heavy=0.100
			snow=0.000
			blizzard=0.000
			arctic_water=0.000
			mud=0.000
			sandstorm=0.000
			min_snow_level=0.000
		}
	}
}
