strategic_region={
	id=52
	name="STRATEGICREGION_52"
	provinces={
		27 168 518 523 780 997 1432 1746 1940 2015 2095 2135 2365 3098 3407 3607 3701 3768 3987 5209 5360 5385 5836 7540 7541 7550 7565 7579 7593 7596 7607 7613 7627 7634 7637 7645 7653 7662 7663 7669 7670 7680 7695 7696 7699 7703 7704 7732 7733 7739 7740 7743 7757 7764 7768 7769 7770 7788 7789 7794 7811 7812 7829 7841 
	}
	weather={
		period={
			between={ 0.0 30.11 }
			temperature={ -10.0 35.0 }
			no_phenomenon=1.500
			rain_light=0.250
			rain_heavy=0.100
			snow=0.000
			blizzard=0.000
			arctic_water=0.000
			mud=0.000
			sandstorm=0.000
			min_snow_level=0.000
		}
	}
}
