
strategic_region={
	id=52
	name="STRATEGICREGION_90"
	provinces={
		316 341 345 1872 1873 1881 1886 1894 1895 1899 1903 1909 1910 1911 1922 1928 1933 1934 1943 1948 3118 3122 3124 3454 3459 3841 6125 6126 6127 6128 6129 6130 6131 6132 6133 6134 6135 6136 6137 6138 6139 6140 6141 6142 6143 6144 6145 6146 6147 6148 6149 6153 6154 6155 6158 6159 6160 6161 6162 6165 6167 6169 6170 6171 6173 6175 6176 6178 6179 6180 6182 6184 6185 6188 6189 6190 6192 6193 6196 6199 6201 6204 6205 6253 6254 6255 6260 6272 6276 6283 6284 6287 6292 6304 6305 6311 6316 6319 6320 6321 6330 6336 6338 6339 6341 6344 6346 6348 6352 6353 6354 6360 6363 6364 6366 6370 6378 6428 6429 6431 6432 6443 6444 6445 6451 6452 6456 6457 6461 6471 6472 6473 6479 6487 6488 6489 6490 6491 6497 6498 6505 6510 6511 6512 6513 6521 6522 6523 6527 6528 6530 6535 6542 6543 6550 6556 6560 10863 10864 10865 10866 10867 10868 10869 10872 10873 10874 10878 10880 10882 10883 10884 10887 10889 
	}
	weather={
		period={
			between={ 0.0 30.11 }
			temperature={ -10.0 35.0 }
			no_phenomenon=1.500
			rain_light=0.250
			rain_heavy=0.100
			snow=0.000
			blizzard=0.000
			arctic_water=0.000
			mud=0.000
			sandstorm=0.000
			min_snow_level=0.000
		}
	}
}
