
strategic_region={
	id=53
	name="STRATEGICREGION_91"
	provinces={
		53 240 294 1200 1201 1208 1209 1215 1217 1222 1223 1229 1234 1238 1239 1242 1246 1250 3248 3249 3256 3524 3536 7699 7700 7701 7703 7711 7713 7715 7716 7717 7722 7738 7739 7740 7745 7746 7747 7756 7759 7766 7767 7771 7772 7789 7790 7791 7796 7797 7804 7809 7820 7828 7829 7830 7831 7832 7833 7836 7837 7848 7849 7853 7854 7855 7856 7864 7868 7871 7872 7875 7880 7881 7882 7888 7889 7890 7894 7899 7902 7904 7905 7906 7907 7908 7914 7915 7917 7921 7922 7925 7926 7930 7933 7934 7938 8031 8032 8037 8041 8042 8051 8059 8065 8069 8070 8074 8093 8094 8095 8096 8099 8100 8106 8112 8113 8117 8122 8123 8125 8130 8134 8135 8136 8137 8143 8144 8146 8147 8150 8153 8154 10430 10701 10702 10703 10704 10705 10706 10707 10708 10709 10710 
	}
	weather={
		period={
			between={ 0.0 30.11 }
			temperature={ -10.0 35.0 }
			no_phenomenon=1.500
			rain_light=0.250
			rain_heavy=0.100
			snow=0.000
			blizzard=0.000
			arctic_water=0.000
			mud=0.000
			sandstorm=0.000
			min_snow_level=0.000
		}
	}
}
