
strategic_region={
	id=55
	name="STRATEGICREGION_93"
	provinces={
		1 24 298 383 786 787 791 793 794 799 800 804 805 806 807 811 812 815 3334 3335 3339 3568 3575 3860 9742 9743 9746 9749 9760 9761 9762 9766 9768 9777 9778 9782 9783 9788 9789 9790 9799 9804 9805 9966 9967 9970 9972 9973 9975 9980 9981 9987 9993 10000 10005 10008 10022 10025 10028 10029 10352 10484 10636 10637 10638 10639 10640 10641 10642 
	}
	weather={
		period={
			between={ 0.0 30.11 }
			temperature={ -10.0 35.0 }
			no_phenomenon=1.500
			rain_light=0.250
			rain_heavy=0.100
			snow=0.000
			blizzard=0.000
			arctic_water=0.000
			mud=0.000
			sandstorm=0.000
			min_snow_level=0.000
		}
	}
}
