
strategic_region={
	id=56
	name="STRATEGICREGION_94"
	provinces={
		28 83 125 251 277 318 381 404 446 476 498 548 831 832 833 834 835 836 837 838 839 841 842 846 847 854 855 856 857 858 859 860 861 862 863 864 865 866 867 868 869 870 871 872 873 874 875 876 877 878 879 880 881 882 883 884 3320 3321 3322 3323 3324 3325 3328 3329 3332 3556 3566 3567 3848 9269 9270 9271 9278 9287 9288 9294 9296 9304 9308 9309 9315 9323 9324 9327 9328 9334 9335 9337 9338 9345 9346 9347 9352 9354 9355 9359 9361 9365 9366 9367 9373 9375 9378 9384 9388 9390 9425 9426 9428 9436 9439 9441 9445 9447 9449 9450 9457 9458 9462 9463 9471 9472 9476 9477 9488 9494 9563 9566 9567 9570 9573 9576 9577 9578 10359 10468 10471 10472 10669 10670 10671 10672 10673 10674 10678 10771 10772 10777 
	}
	weather={
		period={
			between={ 0.0 30.11 }
			temperature={ -10.0 35.0 }
			no_phenomenon=1.500
			rain_light=0.250
			rain_heavy=0.100
			snow=0.000
			blizzard=0.000
			arctic_water=0.000
			mud=0.000
			sandstorm=0.000
			min_snow_level=0.000
		}
	}
}
