strategic_region={
	id=56
	name="STRATEGICREGION_56"
	provinces={
		41 61 156 447 538 721 832 922 1130 1160 1162 1290 1434 1489 1557 1644 1834 1896 2184 2235 2349 2536 2550 2553 2571 2578 2671 2685 2962 3159 3245 3250 3269 3313 3347 3455 3808 3827 3851 3936 3953 3985 3992 4146 4194 4279 4362 4411 4413 4518 4719 4904 5038 5075 5093 5236 5241 5277 5341 5382 5543 5627 5652 5748 5822 5893 5921 6080 6170 10619 10636 10646 10652 10658 10661 10667 10680 10694 10698 10713 10718 10721 10722 10723 10727 10728 10736 10746 10749 10750 10751 10752 10764 10765 10773 10774 10775 10780 10788 10795 10796 10803 10807 10811 10812 10818 10825 10826 10827 10829 10830 10836 10838 10840 10841 10844 10845 10846 10852 10853 10857 10858 10859 10863 10865 10866 10869 10870 10872 10877 10878 10879 10880 10881 10884 10885 10886 10887 10888 10889 10891 10892 10893 10894 10897 10898 10900 10902 10903 10911 10913 10914 10915 10916 10918 10919 10921 10923 10926 10927 10928 10929 10931 10932 10933 10935 10936 10938 10939 10940 10943 10945 10946 10947 10948 10949 10950 10952 10953 10955 10956 10957 10959 10962 10963 10964 10969 10971 10975 10978 10985 10986 10987 10992 10993 10994 11003 11005 11011 11023 
	}
	weather={
		period={
			between={ 0.0 30.11 }
			temperature={ -10.0 35.0 }
			no_phenomenon=1.500
			rain_light=0.250
			rain_heavy=0.100
			snow=0.000
			blizzard=0.000
			arctic_water=0.000
			mud=0.000
			sandstorm=0.000
			min_snow_level=0.000
		}
	}
}
