
strategic_region={
	id=57
	name="STRATEGICREGION_95"
	provinces={
		96 160 340 485 558 742 744 748 751 752 754 758 759 760 761 767 768 772 3343 3344 3348 3551 3581 9719 9720 9723 9726 9727 9729 9731 9732 9736 9737 9738 9740 9741 9744 9747 9748 9750 9751 9752 9753 9756 9757 9758 9759 9763 9764 9765 9767 9769 9770 9771 9772 9773 9774 9775 9776 9779 9780 9781 9784 9785 9786 9787 9791 9792 9793 9794 9795 9800 9801 9802 9808 9809 9811 9812 9815 9818 9819 9845 9846 9848 9851 9852 9853 9855 9859 9861 9863 9865 9867 9868 9869 9870 9871 9874 9877 9880 9881 9882 9883 9884 9885 9886 9887 9888 9889 9890 9891 9892 9893 9894 9895 9896 9897 9898 9899 9900 9903 9904 9905 9906 9909 9910 9911 9914 9917 9918 9919 9920 9923 9924 9930 9931 9943 9944 9949 9950 9952 9957 9958 9959 9963 9964 9965 9968 9969 9971 9974 9976 9977 9982 9983 9984 9985 9988 9989 9990 9991 9994 9995 9997 9998 9999 10001 10002 10006 10007 10009 10010 10013 10014 10015 10017 10018 10019 10020 10023 10026 10030 10032 10033 10034 10036 10037 10038 10040 10041 10045 10049 10050 10051 10052 10056 10060 10061 10375 10411 10442 10477 10478 10480 10482 10714 10715 10716 10717 10719 10720 10721 10722 10723 10724 10725 10726 10727 10728 10729 10730 10731 10732 10733 10734 10735 10736 
	}
	weather={
		period={
			between={ 0.0 30.11 }
			temperature={ -10.0 35.0 }
			no_phenomenon=1.500
			rain_light=0.250
			rain_heavy=0.100
			snow=0.000
			blizzard=0.000
			arctic_water=0.000
			mud=0.000
			sandstorm=0.000
			min_snow_level=0.000
		}
	}
}
