
strategic_region={
	id=59
	name="STRATEGICREGION_97"
	provinces={
		34 46 106 179 600 602 603 604 605 606 607 608 609 610 611 612 613 614 615 616 2871 3373 3374 3379 3758 4032 4033 4034 4035 7447 7448 10103 10104 10107 10108 10110 10111 10113 10114 10116 10117 10118 10119 10120 10121 10122 10123 10124 10125 10126 10127 10134 10135 10137 10138 10141 10144 10145 10147 10148 10149 10154 10157 10158 10159 10160 10165 10167 10170 10171 10175 10181 10182 10183 10184 10185 10186 10187 10188 10189 10190 10191 10192 10193 10194 10195 10196 10197 10220 10221 10222 10228 10229 10233 10235 10236 10237 10238 10241 10243 10245 10246 10249 10251 10252 10253 10254 10255 10256 10257 10258 10259 10260 10261 10262 10263 10264 10265 10266 10267 10268 10408 10416 10417 10418 10419 10488 
	}
	weather={
		period={
			between={ 0.0 30.11 }
			temperature={ -10.0 35.0 }
			no_phenomenon=1.500
			rain_light=0.250
			rain_heavy=0.100
			snow=0.000
			blizzard=0.000
			arctic_water=0.000
			mud=0.000
			sandstorm=0.000
			min_snow_level=0.000
		}
	}
}
