
strategic_region={
	id=6
	name="STRATEGICREGION_6"
	provinces={
		11 44 68 81 87 89 113 137 149 164 169 211 223 241 243 255 282 352 384 385 393 409 414 428 437 497 500 560 2012 2013 2016 2017 2020 2023 2025 2026 2031 2033 2034 2037 2038 2043 2051 2054 2055 2057 2058 2059 2062 2065 2067 2069 2073 2075 2078 2079 2094 2096 2099 2100 2103 2107 2108 2111 2113 2114 2120 2121 2124 2126 2129 2133 2135 2136 2137 2138 2139 2140 2141 2142 2143 2144 2145 2146 2147 2148 2149 2150 2151 2152 2153 2156 2157 2159 2160 2161 2162 2166 2170 2171 2172 2176 2177 2179 2180 2183 2188 2190 3058 3062 3063 3065 3066 3067 3068 3069 3072 3076 3077 3081 3085 3087 3090 3092 3095 3433 3435 3437 3441 3443 3444 3448 3450 3835 4011 6150 6151 6152 6156 6157 6163 6164 6166 6168 6172 6174 6177 6181 6183 6186 6187 6191 6194 6195 10393 10494 10495 10496 10497 10858 
	}
	naval_terrain=water_hyperlane
	weather={
		period={
			between={ 0.0 0.0 }
			temperature={ -10.0 35.0 }
			no_phenomenon=1.500
			rain_light=0.250
			rain_heavy=0.100
			snow=0.000
			blizzard=0.000
			arctic_water=0.000
			mud=0.000
			sandstorm=0.000
			min_snow_level=0.000
		}
	}
}
