
strategic_region={
	id=6
	name="STRATEGICREGION_6"
	provinces={
		54 80 94 110 113 169 217 231 257 268 317 486 493 539 762 834 872 915 1020 1022 1155 1159 1224 1241 1291 1330 1331 1348 1357 1395 1495 1507 1531 1597 1638 1643 1672 1725 1811 1826 1866 1890 1927 2029 2041 2060 2101 2102 2325 2334 2364 2402 2420 2450 2500 2593 2607 2613 2629 2645 2663 2842 2857 2966 2986 3036 3043 3066 3080 3209 3213 3232 3248 3273 3295 3450 3471 3479 3508 3527 3536 3574 3586 3596 3756 3880 3991 4060 4065 4093 4108 4157 4275 4335 4349 4371 4377 4386 4404 4454 4466 4482 4497 4651 4763 4795 4885 4943 4985 5056 5110 5128 5152 5248 5253 5266 5284 5373 5463 5471 5492 5559 5573 5577 5619 5631 5638 5713 5727 5753 5754 5782 5818 5842 5852 5853 5977 6022 6054 6099 6101 6183 6225 6232 6246 14507 14509 14512 14514 14515 14519 14521 14523 14524 14527 14528 14529 14532 14534 14535 14539 14540 14541 14542 14544 14547 14548 14549 14556 14558 14559 14560 14564 14566 14570 14573 14574 14575 14576 14579 14583 14585 14586 14590 14591 14593 14595 14597 14601 14602 14604 14605 14609 14611 14612 14613 14616 14624 14625 14626 14627 14629 14631 14635 14639 14641 14642 14644 14648 14654 14655 14656 14657 14659 14662 14663 14670 14671 14673 14674 14675 14683 14686 14687 14688 14692 14694 14695 14697 14702 14705 14708 14709 14710 14711 14717 14718 14721 14722 14723 14724 14725 14726 14730 14731 14732 14733 14736 14737 14739 14740 14741 14743 14744 14747 14750 14751 14755 14758 14767 14771 14772 14776 14778 14779 14793 14794 14798 14801 14805 14809 14813 14814 14818 14819 14820 14827 14828 14829 14830 14831 14832 14834 14835 14842 14844 14846 14847 14849 14852 14854 14860 14861 14863 14864 14866 14873 14876 14877 14881 14882 14886 14887 14888 14895 14899 14906 14911 14912 14915 14916 14917 14926 14927 14929 14930 14933 14938 14939 14948 14949 14952 14953 14975 14976 14977 14987 14988 14992 14993 14998 14999 15006 15007 15015 15016 15017 15018 15023 15025 15044 15045 15046 15053 15054 15055 15056 15075 15087 15088 15092 15093 15099 15116 15126 15135 15136 15137 15138 15144 15145 15151 15153 15154 15164 15180 15181 15182 15192 15213 15222 15227 15234 15235 15236 15248 15249 15253 15260 15267 15273 15275 15295 15296 15305 15313 15314 15350 15351 15356 15379 15388 15399 15400 15401 15402 15443 15444 18951 19016 
	}
	naval_terrain=water_planets
	weather={
		period={
			between={ 0.0 0.0 }
			temperature={ -10.0 35.0 }
			no_phenomenon=1.500
			rain_light=0.250
			rain_heavy=0.100
			snow=0.000
			blizzard=0.000
			arctic_water=0.000
			mud=0.000
			sandstorm=0.000
			min_snow_level=0.000
		}
	}
}
