
strategic_region={
	id=6
	name="STRATEGICREGION_6"
	provinces={
		16 34 46 93 102 106 118 128 136 172 179 253 274 300 317 328 337 466 469 536 542 574 575 577 578 579 583 584 585 587 590 591 593 595 597 598 599 600 601 602 603 604 605 606 607 608 609 610 611 612 613 614 615 616 617 618 619 620 621 622 623 624 625 626 627 628 629 630 631 632 633 634 635 636 637 638 639 640 641 642 643 644 647 648 652 670 671 675 682 683 686 688 689 691 695 698 3357 3358 3364 3366 3367 3369 3370 3371 3372 3373 3374 3375 3376 3379 3381 
	}
	weather={
	}
}
