strategic_region={
	id=61
	name="STRATEGICREGION_61"
	provinces={
		105 414 487 509 525 553 579 601 624 633 776 777 949 1378 1389 1466 1680 1732 1845 1888 1929 2048 2096 2192 2217 2258 2289 2369 2390 2419 2554 2582 2589 2664 2695 2765 2805 2896 2937 3018 3022 3029 3054 3277 3318 3344 3425 3523 3662 3692 3926 3974 3979 4181 4193 4348 4591 4849 4968 5124 5139 5143 5371 5527 5554 5742 5937 6154 6185 6200 6221 9110 9115 9118 9121 9125 9133 9137 9141 9148 9150 9160 9162 9165 9170 9175 9176 9177 9181 9182 9185 9186 9193 9199 9204 9205 9206 9210 9216 9217 9235 9236 9238 9240 9242 9243 9252 9254 9263 9268 9273 9274 9276 9283 9286 9288 9289 9290 9293 9294 9295 9298 9299 9300 9302 9308 9309 9312 9313 9314 9315 9316 9324 9325 9326 9328 9334 9338 9339 9343 9347 9348 9355 9356 9366 9367 9368 9380 9384 9385 9396 9397 9398 9400 9401 9414 9418 9424 9425 9437 9440 9449 9450 9458 9465 9473 9474 9484 9489 9490 9498 9510 9520 9523 9524 9525 9531 9541 9546 9555 9556 9561 9562 9565 9572 9573 9574 9586 9596 9597 9605 9611 9612 9624 9629 9630 9633 9641 9646 9663 9664 
	}
	weather={
		period={
			between={ 0.0 30.11 }
			temperature={ -10.0 35.0 }
			no_phenomenon=1.500
			rain_light=0.250
			rain_heavy=0.100
			snow=0.000
			blizzard=0.000
			arctic_water=0.000
			mud=0.000
			sandstorm=0.000
			min_snow_level=0.000
		}
	}
}
