
strategic_region={
	id=61
	name="STRATEGICREGION_99"
	provinces={
		218 266 275 378 529 840 843 844 845 848 849 850 851 852 853 3326 3327 3330 3565 3569 9547 9548 9552 9553 9557 9560 9564 9565 9568 9569 9571 9572 9574 9575 9579 9580 9581 9582 9583 9584 9585 9586 9587 9588 9589 9593 9594 9595 9597 9601 9603 9605 9606 9611 9612 9615 9616 9619 9622 9693 9694 9695 9698 9702 9704 9705 9706 9707 9708 9709 9710 9711 9712 9713 9714 9715 9716 9717 9718 9721 9722 9724 9725 9728 9730 9733 9734 9735 9739 9745 9754 9755 10397 10475 10675 10676 10677 10679 10680 10681 10682 10711 10712 10713 10718 
	}
	weather={
		period={
			between={ 0.0 30.11 }
			temperature={ -10.0 35.0 }
			no_phenomenon=1.500
			rain_light=0.250
			rain_heavy=0.100
			snow=0.000
			blizzard=0.000
			arctic_water=0.000
			mud=0.000
			sandstorm=0.000
			min_snow_level=0.000
		}
	}
}
