
strategic_region={
	id=62
	name="STRATEGICREGION_100"
	provinces={
		29 52 254 314 462 904 905 912 913 923 924 925 926 933 936 937 939 942 945 3310 3311 3317 3559 3563 3894 4030 8931 8932 8934 8935 8946 8947 8951 8952 8963 8964 8965 8969 8973 8976 8977 8987 8991 8995 8996 8997 8998 9002 9008 9010 9015 9016 9017 9032 9033 9034 9039 9040 9041 9042 9047 9048 9051 9052 9053 9059 9060 9070 9071 9072 9078 9079 9080 9088 9089 9090 9091 9096 9101 9116 9117 9119 9120 9121 9128 9129 9130 9142 9146 9147 9161 9162 9167 9168 9175 9176 9177 9178 9185 9193 9194 9195 9203 9204 9209 9210 9224 9225 9232 9233 9239 9240 9247 9248 9253 9254 9255 9263 9272 9273 9275 9276 9279 9283 9284 9289 9295 9297 9298 9301 9305 9310 9316 9317 9329 9330 9332 9339 9343 9356 9400 9402 9403 9405 9406 9407 9408 9409 9410 9411 9412 9413 9414 9415 9416 9419 9427 9431 9432 10456 10457 10458 10460 10463 10466 10467 10763 10764 10765 10766 10767 10768 10769 10770 10773 10774 10775 10776 10778 10779 10780 10783 
	}
	weather={
		period={
			between={ 0.0 30.11 }
			temperature={ -10.0 35.0 }
			no_phenomenon=1.500
			rain_light=0.250
			rain_heavy=0.100
			snow=0.000
			blizzard=0.000
			arctic_water=0.000
			mud=0.000
			sandstorm=0.000
			min_snow_level=0.000
		}
	}
}
