
strategic_region={
	id=63
	name="STRATEGICREGION_101"
	provinces={
		15 308 449 555 1116 1117 1118 1119 1120 1121 1122 1123 1124 1125 1126 1127 1129 1131 1132 3270 3271 3272 3540 3544 4031 8198 8199 8200 8209 8216 8217 8218 8222 8223 8227 8228 8234 8241 8242 8247 8248 8257 8266 8267 8268 8270 8271 8277 8278 8287 8288 8289 8295 8299 8303 8308 8311 8312 8313 8322 8323 8338 8339 8577 8578 8579 8584 8590 8593 8594 8595 8599 8610 8611 8612 8614 8621 8622 8627 8629 8635 8636 8643 8645 8648 8651 8652 8655 8658 8662 8663 8666 8667 8669 8674 8675 8676 8717 8718 8719 8724 8733 8734 8735 8744 8747 8756 8764 8770 8771 8783 8784 8785 8787 8793 8794 8801 8802 8808 8812 8813 8816 8817 8823 8824 8832 8835 8836 8840 8845 8846 8850 8851 8855 8856 10438 10450 10740 10741 10742 10743 10744 10747 10752 10753 10754 10757 10758 10759 10781 
	}
	weather={
		period={
			between={ 0.0 30.11 }
			temperature={ -10.0 35.0 }
			no_phenomenon=1.500
			rain_light=0.250
			rain_heavy=0.100
			snow=0.000
			blizzard=0.000
			arctic_water=0.000
			mud=0.000
			sandstorm=0.000
			min_snow_level=0.000
		}
	}
}
