
strategic_region={
	id=66
	name="STRATEGICREGION_105"
	provinces={
		6 1689 1690 1694 1696 1697 1701 1705 3167 3168 3169 3471 3485 3486 3486 3816 3956 6946 6947 6951 6952 6955 6958 6960 6961 6962 6963 6964 6965 6966 6967 6968 6970 6972 6973 6974 6975 6976 6977 6978 6982 6983 6984 6985 6986 6987 6992 6993 6994 6995 6996 7000 7001 7004 7005 7006 7008 7009 7010 7011 7012 7013 7014 7015 7016 7017 7020 7026 7027 7028 7029 7032 7033 7034 7035 7036 7037 7038 7045 7049 7050 7053 7056 7057 7062 7063 7064 7067 7070 7073 7076 7077 7082 7083 7084 7087 7090 7097 7098 7101 7105 7116 7117 7125 7131 7132 7134 7140 7142 7148 7159 7160 7163 7167 7170 7173 7176 7178 7184 7185 7187 7190 7229 7230 7234 7238 7239 7240 7247 7248 7249 7253 7257 7258 7259 7268 7269 7270 7274 7278 7279 7280 7283 7288 7289 7290 7291 7297 7298 7302 7303 7307 7308 7310 7313 7314 7315 7319 7320 7325 7326 7374 7375 7376 7377 7381 7385 7386 7387 7388 7392 7394 7395 7397 7401 7404 7405 7406 7408 7409 7411 7412 7413 7417 7418 7421 7422 7426 7427 7429 7432 7434 7438 7442 7445 7451 7453 7454 7455 7462 10405 10413 10422 10423 10855 10935 10936 10937 10939 10940 10941 10943 10944 10953 10985 10986 10988 10989 10991 10992 10995 10998 10999 11000 11003 11004 11007 11009 11013 11017 11019 11020 
	}
	weather={
		period={
			between={ 0.0 30.11 }
			temperature={ -10.0 35.0 }
			no_phenomenon=1.500
			rain_light=0.250
			rain_heavy=0.100
			snow=0.000
			blizzard=0.000
			arctic_water=0.000
			mud=0.000
			sandstorm=0.000
			min_snow_level=0.000
		}
	}
}
