
strategic_region={
	id=67
	name="STRATEGICREGION_108"
	provinces={
		123 1797 1798 1804 1805 1808 1810 1816 1817 1818 1819 1820 1824 1825 1826 1827 1828 1830 1831 1832 2898 3135 3141 3464 3473 3943 4005 6699 6700 6701 6717 6722 6727 6728 6741 6747 6748 6752 6753 6767 6774 6779 6784 6785 6798 6800 6825 6826 6827 6828 6840 6841 6846 6847 6855 6856 6862 6867 6868 6873 6874 6879 6880 6883 6884 6889 6890 6894 6898 6899 6907 6908 6910 6911 6927 6928 6930 6931 6935 6940 6944 6948 6949 10381 10407 10968 10971 10972 10974 10976 10977 10978 10980 10984 
	}
	weather={
		period={
			between={ 0.0 30.11 }
			temperature={ -10.0 35.0 }
			no_phenomenon=1.500
			rain_light=0.250
			rain_heavy=0.100
			snow=0.000
			blizzard=0.000
			arctic_water=0.000
			mud=0.000
			sandstorm=0.000
			min_snow_level=0.000
		}
	}
}
