strategic_region={
	id=68
	name="STRATEGICREGION_68"
	provinces={
		119 167 242 258 307 373 378 408 533 603 696 697 708 771 900 1035 1041 1153 1247 1259 1303 1423 1521 1583 1637 1854 2054 2195 2201 2425 2474 2673 2674 2882 3217 3264 3284 3658 3693 3735 3774 3968 3994 4107 4169 4197 4215 4292 4370 4409 4547 4584 4644 4689 4803 4940 4988 5014 5218 5290 5293 5459 5549 5678 5720 5857 5899 5914 5919 5927 6083 6244 6255 6435 6438 6443 6454 6455 6464 6465 6472 6473 6477 6479 6480 6486 6489 6490 6494 6499 6503 6517 6520 6524 6525 6529 6531 6536 6537 6545 6546 6549 6550 6552 6559 6566 6569 6570 6573 6574 6575 6577 6583 6584 6591 6592 6593 6594 6602 6603 6604 6605 6615 6618 6620 6622 6623 6624 6625 6632 6636 6638 6640 6645 6646 6647 6648 6649 6654 6658 6660 6662 6666 6667 6668 6669 6670 6671 6672 6682 6685 6688 6689 6694 6698 6699 6713 6720 6724 6735 6736 6743 6752 6758 6764 6765 6770 6773 6780 6786 6802 6803 6808 6809 6815 6824 6830 6831 6849 6850 6851 6852 6859 6871 6872 6884 6894 6900 6901 6916 6923 6927 6942 6947 6958 
	}
	weather={
		period={
			between={ 0.0 30.11 }
			temperature={ -10.0 35.0 }
			no_phenomenon=1.500
			rain_light=0.250
			rain_heavy=0.100
			snow=0.000
			blizzard=0.000
			arctic_water=0.000
			mud=0.000
			sandstorm=0.000
			min_snow_level=0.000
		}
	}
}
