strategic_region={
	id=69
	name="STRATEGICREGION_69"
	provinces={
		75 396 454 1262 1313 1618 1909 2188 2379 2466 2979 3119 3160 3384 4260 4483 4863 5031 5202 5411 5592 5712 5860 7034 7039 7063 7073 7076 7077 7091 7099 7100 7117 7121 7135 7136 7137 7158 7159 7160 7169 7182 7183 7191 7206 7221 7231 7232 7254 7255 7283 7284 7285 7291 7307 7308 7314 7333 7340 7345 7358 7378 7414 7425 
	}
	weather={
		period={
			between={ 0.0 30.11 }
			temperature={ -10.0 35.0 }
			no_phenomenon=1.500
			rain_light=0.250
			rain_heavy=0.100
			snow=0.000
			blizzard=0.000
			arctic_water=0.000
			mud=0.000
			sandstorm=0.000
			min_snow_level=0.000
		}
	}
}
