
strategic_region={
	id=7
	name="STRATEGICREGION_7"
	provinces={
		12 14 24 109 142 160 177 188 205 282 286 305 341 346 376 424 445 448 508 629 694 736 785 855 882 895 942 964 994 1028 1102 1121 1135 1144 1174 1183 1215 1225 1324 1409 1426 1541 1633 1639 1681 1738 1780 1853 1858 1875 1939 1976 1984 2020 2027 2030 2079 2113 2115 2125 2136 2144 2208 2248 2255 2319 2341 2342 2354 2358 2372 2433 2436 2443 2504 2531 2532 2552 2561 2620 2643 2676 2749 2770 2784 2800 2826 2864 2899 2902 2909 2930 2991 3041 3051 3053 3100 3114 3115 3229 3274 3292 3346 3382 3398 3423 3453 3463 3539 3568 3591 3604 3640 3716 3732 3761 3857 3997 4014 4030 4257 4274 4276 4287 4321 4380 4419 4472 4524 4570 4638 4793 4817 4826 4828 4829 4832 4842 4878 4882 4910 4958 4965 5042 5069 5118 5328 5337 5338 5384 5398 5414 5504 5534 5538 5584 5621 5626 5636 5676 5687 5980 6003 6013 6024 6102 6136 6178 6179 6262 15026 15027 15034 15047 15048 15066 15070 15079 15080 15094 15095 15096 15100 15107 15127 15128 15129 15139 15146 15155 15183 15193 15194 15214 15228 15237 15238 15239 15240 15243 15250 15251 15261 15262 15276 15277 15278 15283 15284 15285 15297 15298 15306 15315 15316 15317 15333 15334 15339 15340 15357 15358 15366 15376 15380 15389 15390 15391 15403 15407 15414 15418 15419 15429 15430 15438 15439 15445 15446 15456 15457 15460 15461 15462 15466 15467 15474 15481 15487 15492 15502 15504 15510 15511 15512 15531 15535 15536 15537 15546 15554 15566 15567 15572 15576 15582 15595 15596 15599 15606 15609 15610 15611 15612 15620 15624 15627 15628 15629 15634 15635 15638 15639 15640 15641 15645 15646 15653 15654 15656 15659 15660 15661 15663 15664 15669 15670 15675 15676 15677 15679 15682 15688 15689 15691 15692 15695 15696 15700 15701 15704 15705 15707 15708 15709 15713 15714 15716 15719 15721 15724 15725 15726 15728 15730 15731 15732 15733 15736 15737 15738 15740 15741 15742 15745 15748 15751 15752 15753 15754 15755 15758 15760 15764 15767 15768 15779 15780 15783 15786 15794 15796 15801 15805 15808 15809 15821 15823 15824 15828 15834 15843 15848 15858 15859 15865 15874 15875 15879 15891 15899 15900 15910 15912 15916 15917 15919 15926 15927 15928 15929 15932 15933 15943 15952 15953 15957 15958 15961 15962 15963 15964 15974 15975 15979 15983 15984 15985 15990 15991 15992 15998 15999 16000 16001 16004 16008 16015 16016 16017 16018 16019 16022 16023 16026 16028 16029 16041 16042 16043 16046 16052 16060 16069 16073 16074 16078 16082 16083 16084 16085 16093 16099 16100 16101 16107 16108 16111 16112 16113 16118 16119 16120 16127 16128 16133 16136 16137 16138 16139 16140 16146 16147 16156 16161 16162 16163 16164 16167 16168 16169 16175 16176 16185 16190 16194 16200 16203 16206 16210 16212 16213 16217 16222 16226 16228 16229 16230 16232 16240 16241 16242 16246 16247 16248 16257 16258 16264 16265 16268 16269 16270 16271 16276 16282 16288 16293 16296 16299 16308 16310 16312 16321 16323 16324 16329 16332 16334 16335 16340 16342 16348 16353 16354 16355 16356 16357 16361 16366 16367 16377 16383 16399 16404 16406 16407 18910 18940 19010 
	}
	naval_terrain=water_planets
	weather={
		period={
			between={ 0.0 0.0 }
			temperature={ -10.0 35.0 }
			no_phenomenon=1.500
			rain_light=0.250
			rain_heavy=0.100
			snow=0.000
			blizzard=0.000
			arctic_water=0.000
			mud=0.000
			sandstorm=0.000
			min_snow_level=0.000
		}
	}
}
