
strategic_region={
	id=7
	name="STRATEGICREGION_7"
	provinces={
		50 71 79 90 97 134 142 175 213 222 258 305 309 310 346 354 390 391 431 433 448 459 474 507 554 2231 2233 2234 2235 2237 2238 2239 2240 2244 2245 2246 2247 2248 2252 2253 2257 2261 2262 2263 2264 2265 2266 2267 2268 2269 2270 2271 2272 2273 2274 2275 2276 2277 2278 2279 2280 2281 2282 2283 2284 2285 2286 2287 2288 2289 2290 2294 2297 2302 2303 2304 2311 2314 2320 2325 2326 2327 2330 2348 2349 2350 2351 2352 2353 2354 2355 2356 2357 2358 2359 2360 2361 2362 2363 2364 2365 2366 2367 2368 2369 2370 2371 2372 2373 2374 2375 2376 2377 2378 2379 2380 2381 2382 2413 2415 2416 2417 2418 2419 2420 2421 2422 2423 2424 2427 2428 2429 2431 2434 2435 2873 3010 3011 3013 3020 3021 3022 3023 3024 3025 3031 3032 3035 3038 3039 3040 3041 3042 3043 3046 3047 3051 3417 3420 3422 3425 3428 3431 3432 3612 5205 5206 5209 5210 5223 5224 5225 5232 5234 5238 5242 5252 5256 5257 5262 5267 5268 5278 5280 5525 5526 5528 5531 5532 5534 5541 5542 5547 5549 5554 5558 5562 5563 5567 5568 5577 5579 5581 5717 5718 5719 5723 5725 5726 5730 5732 5733 5734 5736 5738 5743 5744 5745 5746 5747 5749 5750 5754 5755 5759 5760 5761 5763 5766 5767 5768 5770 5771 5772 5775 5778 5779 5781 5783 10378 11113 11114 11116 11130 11131 11132 11204 11205 11208 11209 
	}
	naval_terrain=water_hyperlane
	weather={
		period={
			between={ 0.0 0.0 }
			temperature={ -10.0 35.0 }
			no_phenomenon=1.500
			rain_light=0.250
			rain_heavy=0.100
			snow=0.000
			blizzard=0.000
			arctic_water=0.000
			mud=0.000
			sandstorm=0.000
			min_snow_level=0.000
		}
	}
}
