
strategic_region={
	id=7
	name="STRATEGICREGION_7"
	provinces={
		19 31 122 138 147 178 249 396 504 721 722 723 724 725 726 727 728 729 730 731 732 733 734 735 736 737 762 763 764 765 769 770 771 773 774 775 776 777 778 779 780 781 782 813 814 816 817 818 819 820 821 822 823 824 825 826 827 828 829 830 3331 3333 3336 3341 3342 3346 3349 3350 3351 3570 3571 3577 3583 3745 3973 4009 8013 8060 8089 9478 9479 9484 9489 9490 9491 9495 9499 9502 9503 9508 9512 9518 9519 9523 9528 9533 9537 9538 9542 9796 9797 9798 9803 9806 9807 9810 9813 9814 9816 9817 9820 9821 9822 9823 9824 9825 9826 9827 9828 9829 9830 9831 9832 9833 9834 9835 9836 9837 9838 9839 9840 9841 9842 9843 9844 9847 9849 9850 9854 9856 9857 9858 9860 9862 9864 9866 9872 9873 9875 9876 9878 9879 9901 9902 9907 9908 9912 9913 9915 9916 9921 9922 9925 9926 9927 9928 9929 9932 9933 9934 9935 9936 9937 9938 9939 9940 9941 9942 9945 9946 9947 9948 9951 9953 9954 9955 9956 9960 9961 9962 9978 9979 9986 9992 9996 10003 10004 10011 10012 10016 10021 10024 10027 10031 10035 10039 10042 10043 10044 10046 10047 10048 10053 10054 10055 10057 10058 10059 10062 10063 10064 10065 10066 10067 10068 10069 10070 10071 10072 10073 10074 10075 10076 10077 10078 10079 10080 10081 10082 10083 10084 10085 10086 10087 10088 10414 10432 10469 10473 10479 10483 10837 10838 10839 10840 10841 10842 10843 10844 10845 10846 10847 10848 10849 10850 10851 10852 10853 10854 
	}
	weather={
		period={
			between={ 0.0 30.11 }
			temperature={ -10.0 35.0 }
			no_phenomenon=1.500
			rain_light=0.250
			rain_heavy=0.100
			snow=0.000
			blizzard=0.000
			arctic_water=0.000
			mud=0.000
			sandstorm=0.000
			min_snow_level=0.000
		}
	}
}
