
strategic_region={
	id=71
	name="STRATEGICREGION_112"
	provinces={
		233 361 456 520 1946 1952 1960 1961 1967 1968 1971 1974 1977 1978 1983 1984 1985 1990 1991 3104 3105 3110 4004 4015 6691 6692 6695 6696 6704 6709 6714 6715 6716 6730 6736 6740 6745 6746 6756 6757 6762 6771 6772 6773 6777 6778 6788 6789 6790 6793 6794 6796 6797 6803 6804 6809 6810 6811 6813 6816 6817 6823 10368 10967 10969 10970 10973 
	}
	weather={
		period={
			between={ 0.0 30.11 }
			temperature={ -10.0 35.0 }
			no_phenomenon=1.500
			rain_light=0.250
			rain_heavy=0.100
			snow=0.000
			blizzard=0.000
			arctic_water=0.000
			mud=0.000
			sandstorm=0.000
			min_snow_level=0.000
		}
	}
}
