
strategic_region={
	id=72
	name="STRATEGICREGION_113"
	provinces={
		488 549 2086 2087 2088 2089 2090 2091 2092 2093 2095 2097 2098 2101 2102 2104 2105 2106 2109 2110 3079 3080 3082 3638 3957 5818 5819 5820 5822 5827 5828 5830 5831 5835 5836 5840 5844 5845 5847 5848 5849 5853 5855 5856 5858 5859 5860 5865 5866 5872 5874 5875 5876 5877 5882 5886 5887 5892 5893 5896 5897 5902 5960 5961 5962 5968 5970 5974 5978 5986 5988 5989 5991 5992 5993 5997 6004 6005 6006 6007 6009 6010 6011 6014 6015 6016 6019 6022 6024 6026 6030 6031 6032 6034 6035 6039 6040 6043 11213 11215 11216 11217 11218 
	}
	weather={
		period={
			between={ 0.0 30.11 }
			temperature={ -10.0 35.0 }
			no_phenomenon=1.500
			rain_light=0.250
			rain_heavy=0.100
			snow=0.000
			blizzard=0.000
			arctic_water=0.000
			mud=0.000
			sandstorm=0.000
			min_snow_level=0.000
		}
	}
}
