
strategic_region={
	id=76
	name="STRATEGICREGION_117"
	provinces={
		76 85 220 510 523 546 2606 2607 2608 2609 2610 2611 2612 2613 2614 2615 2616 2617 2977 2978 2979 3401 3627 3800 3817 3822 3825 4520 4521 4522 4523 4524 4525 4526 4527 4528 4529 4530 4531 4532 4533 4534 4535 4536 4537 4538 4539 4540 4541 4542 4543 4544 4545 4546 4547 4548 4549 4550 4551 4552 4553 4554 4555 4556 4557 4558 4559 4560 4561 4562 4563 4564 4565 4566 4569 4570 4571 4572 4574 4575 4576 4577 4578 4581 4582 4583 4585 4586 4587 4588 4589 4590 4591 4592 4593 4594 4596 4597 4599 4600 4601 4604 4605 4606 4610 4611 4617 4618 4619 4621 4622 4623 4624 4637 4672 4673 4674 4677 4679 4680 4686 4691 4692 4693 4700 4701 4703 4704 4705 4718 4720 4721 4725 4736 4737 4743 4744 4747 4750 4755 4764 4765 4768 4770 4774 4777 4782 4785 4786 4787 4789 4791 4792 4793 4794 4795 4799 4801 4802 4803 4804 4807 4814 4815 4816 4822 4823 4832 4833 4838 4846 4853 5124 5125 5126 5127 5128 5129 5130 5131 5132 5133 5134 5135 5136 5137 5138 5139 5143 5145 10361 10366 11219 11220 11221 11222 11223 11224 11225 11226 11227 11228 11229 11230 11231 11232 11233 11234 11235 11236 11237 11238 11239 11252 11253 11254 
	}
	weather={
		period={
			between={ 0.0 30.11 }
			temperature={ -10.0 35.0 }
			no_phenomenon=1.500
			rain_light=0.250
			rain_heavy=0.100
			snow=0.000
			blizzard=0.000
			arctic_water=0.000
			mud=0.000
			sandstorm=0.000
			min_snow_level=0.000
		}
	}
}
