
strategic_region={
	id=78
	name="STRATEGICREGION_78"
	provinces={
		145 292 506 1457 1459 1460 1466 1467 1468 1473 1474 1476 1477 1481 1485 1490 1491 1496 3204 3205 3207 3208 3499 3509 3509 7667 7668 7673 7679 7683 7684 7688 7690 7693 7694 7695 7696 7697 7698 7702 7704 7705 7706 7707 7708 7709 7710 7712 7714 7720 7721 7725 7726 7729 7730 7731 7735 7736 7743 7744 7754 7755 7758 7764 7765 7770 7775 7780 7781 7787 7788 7803 7813 7814 7815 7816 7819 7827 7840 7845 10622 10623 10624 10625 10626 10627 10628 
	}
	weather={
		period={
			between={ 0.0 30.11 }
			temperature={ -10.0 35.0 }
			no_phenomenon=1.500
			rain_light=0.250
			rain_heavy=0.100
			snow=0.000
			blizzard=0.000
			arctic_water=0.000
			mud=0.000
			sandstorm=0.000
			min_snow_level=0.000
		}
	}
}
