
strategic_region={
	id=79
	name="STRATEGICREGION_79"
	provinces={
		22 66 315 415 451 1285 1286 1291 1298 1299 1300 1302 1307 1308 1309 1310 1313 1315 1316 3224 3225 3230 3235 3516 3521 3863 7841 7842 7846 7847 7857 7859 7860 7861 7862 7863 7867 7869 7870 7874 7877 7878 7879 7883 7884 7885 7886 7887 7891 7892 7893 7895 7896 7897 7898 7900 7901 7903 7909 7910 7911 7912 7913 7916 7920 7923 7924 8007 8008 8010 8011 8018 8019 8027 8029 8030 8036 8047 8048 8050 8058 8064 8073 8079 8080 8084 8085 8104 8105 10433 10629 10630 10631 10632 10633 10634 10635 10647 10648 
	}
	weather={
		period={
			between={ 0.0 30.11 }
			temperature={ -10.0 35.0 }
			no_phenomenon=1.500
			rain_light=0.250
			rain_heavy=0.100
			snow=0.000
			blizzard=0.000
			arctic_water=0.000
			mud=0.000
			sandstorm=0.000
			min_snow_level=0.000
		}
	}
}
