
strategic_region={
	id=8
	name="STRATEGICREGION_8"
	provinces={
		15 55 98 131 266 280 281 293 309 311 335 339 343 371 377 492 651 679 732 734 749 752 905 928 983 986 988 989 1004 1044 1046 1048 1067 1108 1126 1150 1191 1221 1229 1235 1279 1337 1343 1391 1561 1631 1657 1671 1675 1729 1748 1761 1778 1808 1862 1891 1904 1907 1983 1989 2005 2010 2056 2094 2114 2141 2191 2232 2234 2247 2294 2299 2307 2320 2326 2368 2383 2391 2400 2449 2461 2471 2477 2498 2510 2576 2634 2644 2662 2766 2785 2798 2803 2892 2931 2955 3072 3087 3101 3152 3196 3210 3215 3235 3263 3426 3456 3480 3552 3562 3578 3676 3704 3724 3772 3916 3929 3933 3970 3989 3996 4006 4019 4123 4152 4153 4206 4261 4270 4284 4295 4337 4342 4394 4603 4616 4700 4702 4750 4761 4762 4859 4880 4894 4963 5001 5012 5086 5088 5100 5135 5156 5192 5207 5246 5262 5297 5368 5370 5383 5408 5415 5417 5438 5453 5469 5496 5514 5548 5586 5587 5597 5622 5665 5691 5813 5863 5917 5952 5979 6028 6051 6066 6069 6079 6127 6139 6140 6166 6184 6205 6217 14504 14505 14505 14508 14513 14516 14517 14518 14520 14522 14525 14526 14530 14531 14533 14536 14537 14538 14543 14545 14546 14550 14551 14552 14553 14554 14555 14557 14561 14562 14563 14565 14567 14568 14569 14571 14572 14577 14578 14580 14581 14582 14584 14587 14588 14589 14592 14594 14596 14598 14599 14600 14603 14606 14607 14608 14610 14614 14615 14617 14618 14619 14620 14621 14622 14623 14628 14630 14632 14633 14634 14636 14637 14638 14640 14643 14645 14646 14647 14649 14650 14651 14652 14653 14658 14660 14661 14664 14665 14666 14667 14668 14669 14672 14676 14677 14678 14679 14680 14681 14682 14684 14685 14689 14690 14691 14693 14696 14698 14699 14700 14701 14703 14704 14706 14707 14712 14713 14714 14715 14716 14719 14720 14727 14728 14729 14734 14735 14738 14742 14745 14746 14748 14749 14752 14753 14754 14756 14757 14759 14762 14763 14764 14766 14768 14773 14940 14941 14971 14978 14989 15000 15008 15009 15019 15035 15036 15057 15058 15060 15061 15062 15067 15071 15081 15082 15097 15101 15102 15108 15109 15110 15121 15122 15130 15131 15140 15147 15156 15157 15167 15168 15174 15175 15176 15177 15184 15185 15186 15195 15196 15197 15201 15208 15215 15216 15217 15218 15219 15223 15224 15229 15244 15252 15254 15255 15263 15264 15268 15269 15274 15279 15280 15286 15287 15288 15299 15302 15303 15307 15308 15318 15319 15320 15326 15327 15330 15331 15332 15335 15336 15341 15342 15346 15352 15359 15360 15361 15362 15367 15368 15369 15372 15373 15377 15381 15382 15383 15392 15393 15394 15408 15409 15420 15421 15423 15424 15425 15431 15434 15435 15436 15447 15448 15451 15452 15453 15463 15464 15468 15469 15470 15475 15476 15477 15478 15482 15483 15488 15489 15493 15494 15497 15498 15499 15503 15505 15513 15514 15515 15516 15517 15518 15519 15520 15525 15526 15527 15528 15529 15532 15533 15538 15539 15542 15543 15544 15547 15548 15549 15550 15555 15556 15557 15559 15560 15561 15562 15568 15569 15570 15573 15577 15578 15580 15583 15584 15585 15589 15590 15591 15592 15597 15598 15600 15601 15602 15603 15604 15607 15613 15614 15615 15616 15617 15618 15621 15622 15625 15626 15630 15631 15632 15633 15636 15637 15642 15643 15644 15647 15648 15649 15650 15651 15652 15655 15657 15658 15662 15665 15666 15667 15668 15671 15672 15673 15674 15678 15680 15681 15683 15684 15685 15686 15687 15690 15693 15694 15697 15698 15699 15702 15703 15706 15710 15711 15712 15715 15717 15718 15720 15722 15723 15727 15729 15734 15735 15739 15743 15744 18713 18714 18845 18882 18987 
	}
	naval_terrain=water_planets
	weather={
		period={
			between={ 0.0 0.0 }
			temperature={ -10.0 35.0 }
			no_phenomenon=1.500
			rain_light=0.250
			rain_heavy=0.100
			snow=0.000
			blizzard=0.000
			arctic_water=0.000
			mud=0.000
			sandstorm=0.000
			min_snow_level=0.000
		}
	}
}
