
strategic_region={
	id=8
	name="STRATEGICREGION_8"
	provinces={
		13 36 91 204 206 246 257 398 481 2391 2392 2394 2397 2400 2403 2404 2407 2408 2410 2411 2412 2414 2511 2512 2519 2520 2529 2530 2531 2541 2545 2546 2554 2556 2561 2562 2567 2575 2854 2988 2989 2996 3014 3015 3018 3397 3400 3410 3418 3614 4022 4796 4797 4798 4800 4805 4806 4808 4809 4810 4817 4819 4821 4826 4827 4836 4840 4843 4844 4857 4858 5044 5045 5051 5056 5057 5058 5061 5062 5070 5073 5076 5077 5078 5086 5087 5088 5089 5092 5095 5102 5104 5105 5106 5107 5110 5111 5114 5115 5116 5117 5118 5119 5120 5121 5122 5123 5263 5264 5269 5272 5281 5287 5288 5289 5291 5292 5298 5302 5304 5306 5307 5308 5311 5315 5379 5380 5383 5385 5386 5389 5391 5395 5400 5401 5403 5404 5410 5412 5413 5416 5418 5419 5421 5422 5423 5424 5426 5429 5430 5431 5432 5433 5434 5435 5436 5437 5438 5439 5440 5441 5442 5443 5447 5448 5450 5453 5454 5455 5457 5462 5463 5465 5466 5468 5472 5474 5475 5477 5478 5479 5481 5484 5486 5487 5491 5492 5493 5496 5498 5499 5503 5504 5506 5509 5510 5514 10380 11119 11120 11121 11122 11123 11124 11125 11126 11127 11128 11129 11170 11171 11173 11178 11179 11180 11181 
	}
	weather={
		period={
			between={ 0.0 0.0 }
			temperature={ -10.0 35.0 }
			no_phenomenon=1.500
			rain_light=0.250
			rain_heavy=0.100
			snow=0.000
			blizzard=0.000
			arctic_water=0.000
			mud=0.000
			sandstorm=0.000
			min_snow_level=0.000
		}
	}
}
