
strategic_region={
	id=8
	name="STRATEGICREGION_8"
	provinces={
		124 402 419 540 890 891 895 896 900 903 909 911 914 917 918 921 928 929 932 935 3312 3313 3318 3564 9020 9021 9023 9025 9043 9062 9063 9064 9081 9082 9083 9102 9103 9105 9106 9107 9108 9109 9122 9133 9134 9135 9144 9145 9153 9154 9163 9180 9181 9187 9188 9198 9212 9213 9218 9219 9242 9251 9252 9264 10464 10762 10829 10831 10832 10833 10834 10835 10836 
	}
	weather={
		period={
			between={ 0.0 30.11 }
			temperature={ -10.0 35.0 }
			no_phenomenon=1.500
			rain_light=0.250
			rain_heavy=0.100
			snow=0.000
			blizzard=0.000
			arctic_water=0.000
			mud=0.000
			sandstorm=0.000
			min_snow_level=0.000
		}
	}
}
