
strategic_region={
	id=80
	name="STRATEGICREGION_80"
	provinces={
		176 195 527 1160 1161 1162 1163 1164 1165 1166 1167 1168 1169 1170 1171 1172 1173 1174 1175 1176 3260 3261 3262 3263 3518 3530 8166 8167 8168 8171 8172 8176 8178 8179 8180 8181 8185 8186 8189 8190 8194 8202 8203 8204 8205 8208 8212 8221 8225 8226 8233 8239 8240 8246 8252 8264 8265 8276 8285 8286 10528 10529 10530 10534 
	}
	weather={
		period={
			between={ 0.0 30.11 }
			temperature={ -10.0 35.0 }
			no_phenomenon=1.500
			rain_light=0.250
			rain_heavy=0.100
			snow=0.000
			blizzard=0.000
			arctic_water=0.000
			mud=0.000
			sandstorm=0.000
			min_snow_level=0.000
		}
	}
}
