strategic_region={
	id=80
	name="STRATEGICREGION_80"
	provinces={
		207 398 581 607 796 984 1517 1760 2371 2888 3027 3052 3597 3751 4511 4523 5003 5071 5361 5723 5743 9319 9327 9335 9344 9349 9352 9360 9369 9374 9376 9391 9402 9407 9426 9432 9438 9439 9441 9443 9451 9466 9467 9480 9481 9491 9499 9511 9526 9547 9576 9577 9587 9606 9613 9614 9618 9619 9642 9652 
	}
	weather={
		period={
			between={ 0.0 30.11 }
			temperature={ -10.0 35.0 }
			no_phenomenon=1.500
			rain_light=0.250
			rain_heavy=0.100
			snow=0.000
			blizzard=0.000
			arctic_water=0.000
			mud=0.000
			sandstorm=0.000
			min_snow_level=0.000
		}
	}
}
