
strategic_region={
	id=81
	name="STRATEGICREGION_81"
	provinces={
		32 185 399 1074 1079 1080 1086 1089 1090 1092 1095 1097 1098 1100 1107 1108 1109 1112 1114 1115 3274 3278 3281 3510 3513 3520 3523 3539 3855 3869 3874 7918 7919 7927 7928 7929 7937 7941 7943 7946 7951 7952 7960 7961 7963 7971 7975 7980 7983 7988 8025 8026 8035 8039 8040 8046 8062 8063 8067 8068 8078 8090 8091 8092 8102 8103 8110 8111 8124 8129 8191 8192 8193 8196 8201 8207 8210 8211 8215 8224 8231 8232 8236 8237 8238 8245 8251 8256 8263 8273 8274 8275 8284 8294 8297 8298 8302 8306 8307 8325 8326 8327 8333 8334 8350 8358 8382 8383 8386 8392 8393 8394 8402 8405 8409 8410 8411 8415 8419 8420 8424 8426 8427 8428 8434 8435 8441 8446 8449 8450 8455 8456 8466 8467 8476 8477 8478 8479 8488 8493 8499 8572 8573 8575 8583 8586 8587 8591 8596 8598 8602 8603 8604 8607 8617 8618 8619 8625 8626 8628 8631 8634 8638 8640 8641 8642 8644 8649 8650 8653 8654 8657 8661 8664 8665 8668 8672 8673 10441 10451 10520 10521 10522 10523 10524 10525 10526 10527 10531 10532 10533 10535 10536 10537 10538 10539 10541 10542 10543 10544 
	}
	weather={
		period={
			between={ 0.0 30.11 }
			temperature={ -10.0 35.0 }
			no_phenomenon=1.500
			rain_light=0.250
			rain_heavy=0.100
			snow=0.000
			blizzard=0.000
			arctic_water=0.000
			mud=0.000
			sandstorm=0.000
			min_snow_level=0.000
		}
	}
}
