
strategic_region={
	id=82
	name="STRATEGICREGION_82"
	provinces={
		158 170 199 539 947 948 949 950 951 952 953 954 955 956 957 958 960 961 963 3304 3305 3307 3547 3853 3865 3891 3892 3893 3902 3903 3905 8726 8727 8729 8737 8738 8749 8753 8754 8758 8767 8768 8773 8774 8777 8786 8788 8789 8798 8803 8804 8806 8814 8815 8818 8825 8830 8831 8833 8834 8837 8838 8841 8847 8848 8849 8853 8861 8862 8865 8904 8905 8911 8912 8921 8922 8925 8936 8937 8943 8944 8954 8960 8961 8970 8971 8979 8992 8993 9306 9307 9311 9318 9319 9331 9340 9344 9348 9349 9353 9360 9362 9363 9369 9374 9379 9380 9417 9418 9420 9422 9429 9433 9434 9440 9442 9443 9444 9451 9452 9455 9459 9464 9465 9473 9480 9500 9501 9509 9510 9516 9517 9520 9529 9530 9535 9539 9544 9545 9546 9549 9554 9558 9559 10363 10376 10377 10455 10540 10545 10546 10547 10550 10554 10555 10557 10563 10564 10565 
	}
	weather={
		period={
			between={ 0.0 30.11 }
			temperature={ -10.0 35.0 }
			no_phenomenon=1.500
			rain_light=0.250
			rain_heavy=0.100
			snow=0.000
			blizzard=0.000
			arctic_water=0.000
			mud=0.000
			sandstorm=0.000
			min_snow_level=0.000
		}
	}
}
