strategic_region={
	id=85
	name="STRATEGICREGION_85"
	provinces={
		20 227 291 310 331 359 497 606 628 649 756 971 1058 1370 1381 1629 1688 1699 1985 2017 2204 2367 2410 2468 2533 2565 2721 2792 2865 2868 2887 2913 3174 3202 3275 3305 3368 3412 3451 3492 3685 3726 3931 4540 4693 4773 4903 4955 5019 5206 5318 5493 5579 5616 5630 5689 5726 5801 5936 5956 6106 6123 6173 6224 6249 10072 10073 10084 10098 10108 10113 10114 10129 10142 10146 10157 10166 10167 10174 10175 10187 10195 10198 10199 10200 10211 10212 10213 10219 10227 10229 10230 10236 10237 10238 10245 10246 10262 10264 10265 10266 10274 10275 10279 10285 10289 10295 10300 10301 10306 10307 10310 10311 10320 10321 10323 10324 10331 10332 10333 10334 10341 10342 10343 10356 10358 10359 10360 10362 10369 10374 10375 10379 10390 10391 10393 10394 10395 10400 10407 10410 10411 10416 10419 10420 10423 10424 10425 10430 10438 10439 10448 10451 10452 10453 10466 10467 10472 10473 10482 10494 10500 10502 10512 10521 10532 10533 10537 10542 10543 10544 10553 10560 10565 10566 10572 10573 10574 10582 10601 10602 10610 10614 10624 10630 10631 10632 10633 10639 10650 10651 10665 10666 10668 10669 10676 10683 10684 10691 10697 10702 10707 
	}
	weather={
		period={
			between={ 0.0 30.11 }
			temperature={ -10.0 35.0 }
			no_phenomenon=1.500
			rain_light=0.250
			rain_heavy=0.100
			snow=0.000
			blizzard=0.000
			arctic_water=0.000
			mud=0.000
			sandstorm=0.000
			min_snow_level=0.000
		}
	}
}
