strategic_region={
	id=89
	name="STRATEGICREGION_89"
	provinces={
		392 574 671 993 1626 2336 2351 2526 2659 2709 2744 2933 3322 3422 3668 4075 4536 4726 4827 5018 5405 5708 5832 13511 13512 13527 13554 13563 13574 13575 13588 13589 13595 13611 13623 13624 13625 13627 13636 13653 13666 13682 13687 13696 13710 13727 13728 13739 13741 13750 13764 13771 13783 13789 13790 13805 13814 13820 13833 13842 13869 13884 
	}
	weather={
		period={
			between={ 0.0 30.11 }
			temperature={ -10.0 35.0 }
			no_phenomenon=1.500
			rain_light=0.250
			rain_heavy=0.100
			snow=0.000
			blizzard=0.000
			arctic_water=0.000
			mud=0.000
			sandstorm=0.000
			min_snow_level=0.000
		}
	}
}
