
strategic_region={
	id=9
	name="STRATEGICREGION_9"
	provinces={
		61 139 186 244 342 468 486 545 557 1001 1002 1010 1011 1014 1016 1021 1022 1023 1024 1026 1030 1032 1034 1036 1037 1038 1039 1053 1054 1058 1060 1063 1064 1065 1066 1067 1068 3283 3284 3287 3289 3290 3294 3542 3543 3548 8229 8230 8235 8243 8249 8258 8259 8272 8279 8280 8290 8300 8304 8309 8317 8318 8324 8335 8346 8354 8453 8458 8459 8463 8469 8471 8472 8473 8474 8491 8492 8495 8496 8497 8501 8509 8514 8517 8522 8523 8524 8527 8532 8537 8538 8539 8544 8545 8547 8550 8552 8557 8564 8567 8568 10801 10802 10808 10812 10813 10815 10816 
	}
	weather={
		period={
			between={ 0.0 30.11 }
			temperature={ -10.0 35.0 }
			no_phenomenon=1.500
			rain_light=0.250
			rain_heavy=0.100
			snow=0.000
			blizzard=0.000
			arctic_water=0.000
			mud=0.000
			sandstorm=0.000
			min_snow_level=0.000
		}
	}
}
