strategic_region={
	id=90
	name="STRATEGICREGION_90"
	provinces={
		134 180 297 623 1054 1089 1312 1553 1720 1943 2037 2252 2370 2530 2898 3707 4176 4622 4862 4898 5092 5805 13087 13088 13091 13092 13105 13106 13113 13119 13126 13127 13134 13135 13136 13140 13147 13154 13156 13163 13169 13171 13174 13175 13176 13178 13185 13189 13191 13192 13197 13202 13205 13211 13212 13229 13235 13249 13257 13272 13273 13289 
	}
	weather={
		period={
			between={ 0.0 30.11 }
			temperature={ -10.0 35.0 }
			no_phenomenon=1.500
			rain_light=0.250
			rain_heavy=0.100
			snow=0.000
			blizzard=0.000
			arctic_water=0.000
			mud=0.000
			sandstorm=0.000
			min_snow_level=0.000
		}
	}
}
