strategic_region={
	id=91
	name="STRATEGICREGION_91"
	provinces={
		632 1212 1710 1793 2298 3473 3501 4001 4056 4160 4350 4950 4992 5500 5588 5601 5670 5838 6223 12603 12604 12616 12631 12648 12655 12664 12674 12683 12702 12703 12719 12724 12729 12735 12736 12755 12756 12760 12763 12764 12766 12773 12781 12785 12786 12796 12797 12804 12820 12826 12836 12837 12846 12847 12852 12856 12862 12870 12875 12877 12890 12896 12902 
	}
	weather={
		period={
			between={ 0.0 30.11 }
			temperature={ -10.0 35.0 }
			no_phenomenon=1.500
			rain_light=0.250
			rain_heavy=0.100
			snow=0.000
			blizzard=0.000
			arctic_water=0.000
			mud=0.000
			sandstorm=0.000
			min_snow_level=0.000
		}
	}
}
