strategic_region={
	id=93
	name="STRATEGICREGION_93"
	provinces={
		122 379 467 863 1124 1754 1959 2639 2824 3078 3629 3743 3805 3826 3924 3937 3984 4556 5010 5095 5291 5536 13193 13199 13209 13217 13225 13226 13242 13244 13248 13255 13256 13265 13277 13283 13284 13285 13286 13288 13312 13317 13318 13320 13335 13338 13339 13360 13375 13383 13397 13407 13415 13416 13428 13456 13464 13471 13482 13519 13525 13526 
	}
	weather={
		period={
			between={ 0.0 30.11 }
			temperature={ -10.0 35.0 }
			no_phenomenon=1.500
			rain_light=0.250
			rain_heavy=0.100
			snow=0.000
			blizzard=0.000
			arctic_water=0.000
			mud=0.000
			sandstorm=0.000
			min_snow_level=0.000
		}
	}
}
