strategic_region={
	id=96
	name="STRATEGICREGION_96"
	provinces={
		67 881 1172 1206 1231 1402 1916 2467 2551 2825 3092 3130 3554 3680 5120 5437 5478 6189 6195 13767 13768 13781 13802 13813 13818 13819 13825 13847 13854 13855 13863 13872 13882 13894 13900 13907 13923 13924 13930 13934 13942 13955 13957 13964 13969 13981 13992 13995 13997 14019 14026 14027 14036 14042 14069 14070 14085 14086 14100 14110 14130 14131 14140 
	}
	weather={
		period={
			between={ 0.0 30.11 }
			temperature={ -10.0 35.0 }
			no_phenomenon=1.500
			rain_light=0.250
			rain_heavy=0.100
			snow=0.000
			blizzard=0.000
			arctic_water=0.000
			mud=0.000
			sandstorm=0.000
			min_snow_level=0.000
		}
	}
}
