strategic_region={
	id=97
	name="STRATEGICREGION_97"
	provinces={
		582 1405 1839 2220 2290 2346 2741 2968 3163 3515 4023 4512 4788 5474 5656 6037 6263 14248 14249 14263 14305 14320 14321 14322 14323 14336 14339 14344 14345 14354 14355 14360 14367 14373 14377 14380 14385 14395 14396 14402 14403 14407 14415 14421 14422 14425 14428 14432 14433 14439 14445 14446 14447 14448 14454 14455 14462 14466 14467 14470 14475 14476 14477 
	}
	weather={
		period={
			between={ 0.0 30.11 }
			temperature={ -10.0 35.0 }
			no_phenomenon=1.500
			rain_light=0.250
			rain_heavy=0.100
			snow=0.000
			blizzard=0.000
			arctic_water=0.000
			mud=0.000
			sandstorm=0.000
			min_snow_level=0.000
		}
	}
}
