1;floating_harbor;1312.00;9.50;2980.00;0.73;570
2;floating_harbor;1211.05;9.50;2956.95;0.79;588
3;floating_harbor;2331.00;10.62;2945.00;-0.79;599
4;floating_harbor;2585.00;9.50;2926.00;0.88;615
5;floating_harbor;2199.95;9.50;2879.05;-2.36;641
6;floating_harbor;2276.00;9.50;2880.00;-1.57;648
7;floating_harbor;1102.00;9.50;2861.00;1.11;672
1;arms_factory;831.00;13.50;1752.00;0.71;0
1;arms_factory;837.00;14.05;1835.00;4.83;0
1;arms_factory;810.00;15.65;1835.00;0.11;0
1;arms_factory;762.00;10.65;1824.00;2.78;0
1;arms_factory;827.00;21.08;1807.00;5.44;0
1;arms_factory;819.00;24.10;1796.00;2.17;0
1;industrial_complex;802.00;12.68;1845.00;3.38;0
1;industrial_complex;829.00;12.95;1749.00;1.22;0
1;industrial_complex;852.00;12.90;1827.00;5.34;0
1;industrial_complex;799.00;20.83;1808.00;5.45;0
1;industrial_complex;810.00;18.40;1768.00;3.29;0
1;industrial_complex;846.00;14.88;1770.00;5.95;0
1;air_base;848.00;15.03;1819.00;2.33;0
1;supply_node;783.00;17.77;1797.00;0.14;0
1;supply_node;759.00;11.60;1796.00;3.08;0
1;supply_node;859.00;13.90;1799.00;4.56;0
1;supply_node;832.00;20.25;1787.00;2.31;0
1;supply_node;829.00;12.95;1843.00;5.25;0
1;supply_node;771.00;13.15;1819.00;0.45;0
1;supply_node;795.00;15.23;1832.00;4.49;0
1;supply_node;769.00;13.70;1810.00;5.96;0
1;supply_node;807.00;18.27;1768.00;2.61;0
1;supply_node;770.00;11.07;1759.00;5.20;0
1;supply_node;756.00;10.82;1804.00;1.85;0
1;supply_node;804.00;22.48;1789.00;4.79;0
1;supply_node;759.00;11.03;1780.00;1.09;0
1;supply_node;822.00;23.33;1798.00;4.03;0
1;supply_node;835.00;17.20;1771.00;5.50;0
1;supply_node;766.00;10.70;1830.00;3.26;0
1;supply_node;798.00;19.88;1780.00;6.20;0
1;supply_node;791.00;10.85;1849.00;1.39;0
1;supply_node;828.00;13.75;1752.00;5.43;0
1;supply_node;827.00;18.73;1819.00;0.63;0
1;supply_node;792.00;18.45;1814.00;3.57;0
1;supply_node;809.00;16.80;1830.00;1.33;0
1;supply_node;798.00;20.75;1806.00;2.80;0
1;supply_node;845.00;16.35;1813.00;5.74;0
1;supply_node;840.00;17.18;1777.00;2.04;0
1;supply_node;796.00;20.75;1789.00;4.98;0
1;supply_node;831.00;11.32;1743.00;1.63;0
1;supply_node;789.00;19.02;1788.00;4.21;0
1;supply_node;820.00;19.95;1775.00;0.87;0
1;supply_node;855.00;11.03;1757.00;2.34;0
1;supply_node;861.00;11.43;1767.00;0.10;0
1;supply_node;841.00;14.85;1828.00;3.04;0
1;supply_node;780.00;13.30;1761.00;4.52;0
1;supply_node;784.00;17.20;1782.00;2.27;0
1;supply_node;805.00;20.20;1777.00;3.75;0
1;supply_node;801.00;14.25;1753.00;0.41;0
1;supply_node;768.00;14.00;1794.00;4.45;0
1;supply_node;802.00;19.95;1815.00;5.93;0
1;supply_node;813.00;23.20;1805.00;2.58;0
1;supply_node;817.00;22.75;1785.00;5.16;0
1;supply_node;799.00;18.25;1771.00;1.82;0
1;supply_node;868.00;11.70;1794.00;3.29;0
1;supply_node;815.00;12.80;1846.00;1.05;0
1;supply_node;839.00;12.75;1839.00;3.99;0
1;supply_node;758.00;10.73;1813.00;5.47;0
1;supply_node;804.00;17.70;1825.00;2.12;0
1;supply_node;770.00;13.85;1781.00;4.71;0
1;supply_node;812.00;19.98;1774.00;1.36;0
1;supply_node;864.00;12.25;1783.00;4.29;0
1;supply_node;858.00;12.20;1823.00;0.59;0
1;supply_node;811.00;16.20;1759.00;3.53;0
1;supply_node;812.00;14.00;1751.00;5.01;0
1;supply_node;820.00;17.27;1828.00;2.76;0
1;supply_node;828.00;21.50;1803.00;5.70;0
1;supply_node;848.00;14.10;1767.00;0.90;0
1;supply_node;847.00;11.00;1750.00;4.94;0
1;supply_node;792.00;16.77;1769.00;0.13;0
1;supply_node;855.00;14.48;1783.00;3.07;0
1;supply_node;838.00;17.10;1818.00;0.83;0
1;supply_node;802.00;12.90;1844.00;2.31;0
1;supply_node;823.00;11.40;1741.00;5.24;0
1;supply_node;861.00;13.03;1809.00;1.55;0
1;supply_node;837.00;18.45;1811.00;4.48;0
1;supply_node;836.00;11.38;1847.00;1.13;0
1;supply_node;772.00;12.18;1828.00;3.71;0
1;supply_node;779.00;13.78;1827.00;0.37;0
1;supply_node;833.00;19.15;1780.00;1.85;0
1;supply_node;826.00;17.05;1765.00;5.89;0
1;supply_node;773.00;11.00;1836.00;2.54;0
1;supply_node;855.00;13.55;1773.00;4.02;0
1;supply_node;828.00;20.15;1811.00;1.78;0
1;supply_node;828.00;14.68;1836.00;3.25;0
1;supply_node;819.00;14.80;1754.00;6.19;0
1;supply_node;816.00;19.18;1821.00;2.49;0
1;supply_node;792.00;10.80;1742.00;5.43;0
1;supply_node;841.00;13.15;1756.00;2.08;0
1;supply_node;807.00;10.73;1854.00;4.67;0
1;supply_node;814.00;11.00;1853.00;1.32;0
1;supply_node;821.00;10.90;1853.00;2.80;0
1;supply_node;798.00;10.68;1852.00;0.55;0
1;supply_node;828.00;10.98;1851.00;3.49;0
1;supply_node;785.00;10.65;1847.00;4.97;0
1;supply_node;808.00;12.00;1849.00;2.73;0
1;supply_node;822.00;12.20;1848.00;4.20;0
1;supply_node;844.00;10.80;1845.00;0.86;0
1;supply_node;779.00;10.73;1843.00;4.90;0
1;supply_node;795.00;12.68;1843.00;0.09;0
1;supply_node;788.00;11.95;1843.00;3.03;0
1;supply_node;849.00;11.15;1840.00;5.62;0
1;supply_node;810.00;14.30;1840.00;2.27;0
1;supply_node;821.00;13.98;1841.00;5.20;0
1;supply_node;781.00;12.05;1838.00;1.50;0
1;supply_node;801.00;14.85;1836.00;4.44;0
1;supply_node;854.00;11.28;1835.00;5.92;0
1;supply_node;789.00;13.85;1835.00;3.68;0
1;supply_node;816.00;15.68;1835.00;0.33;0
1;supply_node;845.00;12.48;1836.00;1.81;0
1;supply_node;835.00;14.45;1834.00;5.85;0
1;supply_node;859.00;11.05;1830.00;1.04;0
1;supply_node;851.00;12.70;1830.00;3.98;0
1;supply_node;785.00;14.18;1830.00;1.74;0
1;supply_node;828.00;16.85;1827.00;3.22;0
1;supply_node;835.00;16.15;1826.00;6.15;0
1;supply_node;793.00;16.55;1825.00;2.46;0
1;supply_node;762.00;10.80;1823.00;5.39;0
1;supply_node;847.00;14.38;1824.00;0.58;0
1;supply_node;864.00;10.80;1824.00;4.62;0
1;supply_node;785.00;15.73;1822.00;1.28;0
1;supply_node;797.00;18.27;1819.00;2.76;0
1;supply_node;764.00;11.73;1818.00;5.69;0
1;supply_node;809.00;19.58;1819.00;2.00;0
1;supply_node;851.00;14.43;1818.00;4.93;0
1;supply_node;778.00;14.85;1818.00;1.58;0
1;supply_node;864.00;11.50;1818.00;4.17;0
1;supply_node;821.00;20.38;1815.00;0.82;0
1;supply_node;784.00;16.73;1814.00;2.30;0
1;supply_node;856.00;13.85;1814.00;0.06;0
1;supply_node;868.00;11.03;1813.00;2.99;0
1;supply_node;813.00;21.20;1813.00;4.47;0
1;supply_node;777.00;15.45;1811.00;2.23;0
1;supply_node;763.00;12.30;1809.00;3.71;0
1;supply_node;806.00;21.85;1809.00;0.36;0
1;supply_node;852.00;15.23;1808.00;4.40;0
1;supply_node;820.00;22.25;1807.00;5.88;0
1;supply_node;783.00;17.38;1806.00;2.53;0
1;supply_node;869.00;11.20;1807.00;5.12;0
1;supply_node;791.00;19.23;1806.00;1.77;0
1;supply_node;843.00;17.73;1805.00;4.71;0
1;supply_node;774.00;15.38;1804.00;1.01;0
1;supply_node;835.00;19.73;1804.00;3.95;0
1;supply_node;766.00;13.38;1802.00;5.42;0
1;supply_node;805.00;23.05;1801.00;3.18;0
1;supply_node;850.00;16.25;1801.00;6.11;0
1;supply_node;865.00;12.30;1802.00;1.31;0
1;supply_node;870.00;11.10;1800.00;5.35;0
1;supply_node;790.00;19.52;1799.00;0.55;0
1;supply_node;815.00;24.65;1799.00;3.48;0
1;supply_node;840.00;18.75;1798.00;6.07;0
1;supply_node;797.00;21.30;1797.00;2.72;0
1;supply_node;775.00;15.80;1797.00;5.65;0
1;supply_node;832.00;20.75;1797.00;1.95;0
1;supply_node;808.00;24.20;1796.00;4.89;0
1;supply_node;847.00;17.00;1795.00;0.09;0
1;supply_node;854.00;15.20;1793.00;4.13;0
1;supply_node;815.00;24.55;1792.00;0.79;0
1;supply_node;826.00;22.18;1792.00;2.26;0
1;supply_node;838.00;19.10;1790.00;0.02;0
1;supply_node;861.00;13.40;1791.00;1.50;0
1;supply_node;779.00;16.65;1790.00;4.44;0
1;supply_node;755.00;10.60;1788.00;2.19;0
1;supply_node;762.00;12.30;1787.00;3.67;0
1;supply_node;771.00;14.53;1788.00;0.32;0
1;supply_node;845.00;17.18;1788.00;2.91;0
1;supply_node;869.00;11.32;1788.00;5.84;0
1;supply_node;825.00;21.40;1784.00;2.49;0
1;supply_node;778.00;15.95;1784.00;5.08;0
1;supply_node;810.00;22.38;1784.00;1.73;0
1;supply_node;848.00;16.05;1782.00;3.21;0
1;supply_node;791.00;18.20;1778.00;0.97;0
1;supply_node;778.00;15.15;1776.00;3.91;0
1;supply_node;827.00;19.18;1775.00;5.38;0
1;supply_node;862.00;12.25;1776.00;3.14;0
1;supply_node;867.00;11.05;1777.00;4.62;0
1;supply_node;765.00;12.15;1776.00;1.28;0
1;supply_node;847.00;15.35;1774.00;3.86;0
1;supply_node;772.00;13.45;1773.00;0.51;0
1;supply_node;785.00;16.23;1773.00;3.44;0
1;supply_node;759.00;10.45;1773.00;6.03;0
1;supply_node;764.00;11.05;1768.00;2.68;0
1;supply_node;778.00;14.05;1768.00;4.16;0
1;supply_node;817.00;18.20;1767.00;1.92;0
1;supply_node;841.00;15.43;1767.00;4.86;0
1;supply_node;770.00;11.98;1765.00;0.05;0
1;supply_node;786.00;15.25;1766.00;2.98;0
1;supply_node;798.00;16.23;1763.00;5.57;0
1;supply_node;834.00;15.62;1763.00;2.22;0
1;supply_node;855.00;12.23;1764.00;5.16;0
1;supply_node;804.00;16.33;1761.00;1.46;0
1;supply_node;791.00;14.95;1761.00;4.40;0
1;supply_node;819.00;16.58;1761.00;5.87;0
1;supply_node;848.00;12.75;1759.00;3.63;0
1;supply_node;833.00;14.38;1757.00;0.28;0
1;supply_node;785.00;12.82;1755.00;1.77;0
1;supply_node;776.00;11.28;1754.00;5.81;0
1;supply_node;793.00;13.75;1754.00;1.00;0
1;supply_node;836.00;12.53;1750.00;3.93;0
1;supply_node;781.00;10.85;1748.00;1.70;0
1;supply_node;788.00;11.78;1748.00;3.17;0
1;supply_node;795.00;12.30;1747.00;6.11;0
1;supply_node;806.00;13.23;1748.00;2.41;0
1;supply_node;820.00;13.23;1748.00;5.35;0
1;supply_node;839.00;11.03;1745.00;2.00;0
1;supply_node;811.00;12.25;1744.00;4.58;0
1;supply_node;800.00;11.43;1742.00;1.24;0
1;supply_node;806.00;10.90;1739.00;2.71;0
1;supply_node;816.00;11.05;1739.00;0.47;0
1;naval_base;836.00;9.88;1852.00;-3.61;18880
1;naval_base;856.00;9.50;1755.00;1.57;18880
1;naval_base;773.00;10.18;1841.00;-2.55;18880
1;naval_base;865.00;10.15;1824.00;-3.93;18880
1;naval_base;781.00;10.20;1847.00;-2.68;18880
1;naval_base;863.00;10.35;1765.00;1.25;18880
1;naval_base;787.00;10.68;1744.00;0.00;18880
1;naval_base;757.00;10.32;1816.00;-2.36;18880
1;naval_base;754.00;10.35;1804.00;-1.57;18880
1;naval_base;859.00;10.55;1833.00;-4.25;18880
1;naval_base;818.00;10.23;1856.00;-3.46;18880
1;naval_base;754.00;10.50;1797.00;-1.77;18880
1;naval_base;770.00;10.53;1756.00;-1.11;18880
1;naval_base;826.00;9.90;1739.00;0.32;18880
1;naval_base;765.00;10.20;1831.00;-2.68;18880
1;naval_base;871.00;9.80;1807.00;1.57;18880
1;naval_base;870.00;9.73;1815.00;-4.25;18880
1;naval_base;843.00;10.38;1848.00;-3.14;18880
1;naval_base;849.00;10.32;1750.00;1.11;18880
1;naval_base;794.00;10.25;1853.00;-3.14;18880
1;naval_base;872.00;9.80;1801.00;1.57;18880
1;naval_base;754.00;10.30;1786.00;-2.36;18880
1;naval_base;819.00;9.93;1856.00;-3.61;18880
1;naval_base;756.00;10.40;1780.00;-1.57;18880
1;naval_base;868.00;10.20;1818.00;-4.47;18880
1;naval_base;783.00;10.25;1848.00;-2.68;18880
1;naval_base;871.00;9.80;1785.00;1.57;18880
1;naval_base;872.00;9.80;1796.00;-4.47;18880
1;naval_base;858.00;10.10;1835.00;-3.93;18880
1;naval_base;793.00;10.35;1852.00;-2.82;18880
1;naval_base;760.00;10.30;1823.00;-2.03;18880
1;naval_base;832.00;9.80;1740.00;0.32;18880
1;naval_base;868.00;10.32;1776.00;1.11;18880
1;naval_base;853.00;10.48;1840.00;-3.46;18880
1;naval_base;804.00;10.38;1855.00;-3.14;18880
1;naval_base;832.00;10.28;1853.00;-3.73;18880
1;naval_base;870.00;9.95;1783.00;1.57;18880
1;naval_base;758.00;10.35;1774.00;-2.36;18880
1;naval_base;761.00;10.57;1769.00;-0.79;18880
1;naval_base;773.00;10.60;1753.00;-0.32;18880
1;naval_base;779.00;10.57;1748.00;0.46;18880
1;naval_base;786.00;10.15;1744.00;-0.46;18880
1;naval_base;839.00;10.32;1744.00;1.11;18880
1;naval_base;801.00;10.73;1739.00;-0.32;18880
1;naval_base;808.00;9.70;1737.00;0.00;18880
1;naval_base;813.00;9.75;1737.00;0.00;18880
1;bunker;792.00;18.85;1811.00;6.26;0
1;bunker;813.00;18.10;1825.00;4.10;0
1;bunker;760.00;11.95;1796.00;0.48;0
1;bunker;770.00;13.73;1812.00;2.04;0
1;bunker;802.00;18.55;1821.00;4.71;0
1;bunker;799.00;13.78;1752.00;2.55;0
1;bunker;842.00;17.25;1812.00;2.65;0
1;bunker;829.00;16.95;1826.00;0.49;0
1;bunker;819.00;22.55;1806.00;4.61;0
1;bunker;806.00;20.45;1815.00;5.82;0
1;bunker;831.00;19.43;1779.00;2.55;0
1;bunker;813.00;19.60;1772.00;5.22;0
1;bunker;860.00;12.75;1815.00;1.60;0
1;bunker;827.00;19.83;1814.00;4.27;0
1;bunker;783.00;13.62;1760.00;1.00;0
1;bunker;819.00;21.27;1780.00;3.66;0
1;bunker;833.00;11.98;1746.00;0.05;0
1;bunker;841.00;14.85;1828.00;2.71;0
1;bunker;785.00;17.70;1807.00;5.73;0
1;bunker;811.00;18.20;1767.00;2.11;0
1;bunker;762.00;10.53;1825.00;4.78;0
1;bunker;857.00;12.85;1820.00;2.61;0
1;bunker;792.00;12.70;1842.00;2.72;0
1;bunker;808.00;21.23;1812.00;0.56;0
1;bunker;798.00;21.35;1791.00;3.22;0
1;bunker;797.00;17.48;1769.00;4.78;0
1;bunker;850.00;14.90;1817.00;1.16;0
1;bunker;792.00;11.48;1847.00;5.28;0
1;bunker;864.00;11.75;1816.00;0.21;0
1;bunker;766.00;11.95;1821.00;3.23;0
1;bunker;841.00;17.95;1808.00;1.07;0
1;bunker;814.00;11.50;1851.00;3.73;0
1;bunker;823.00;17.02;1764.00;0.11;0
1;bunker;829.00;10.93;1851.00;1.67;0
1;bunker;815.00;15.12;1755.00;5.80;0
1;bunker;817.00;11.45;1851.00;0.72;0
1;bunker;786.00;18.50;1793.00;4.84;0
1;bunker;814.00;17.35;1764.00;0.12;0
1;bunker;768.00;13.73;1785.00;2.78;0
1;bunker;830.00;21.05;1803.00;5.45;0
1;bunker;793.00;16.15;1827.00;2.19;0
1;bunker;865.00;12.30;1791.00;4.85;0
1;bunker;838.00;15.50;1827.00;1.23;0
1;bunker;867.00;10.15;1821.00;5.35;0
1;bunker;797.00;19.33;1778.00;5.45;0
1;bunker;754.00;10.28;1807.00;3.29;0
1;bunker;835.00;16.58;1768.00;5.96;0
1;bunker;828.00;12.60;1747.00;2.34;0
1;bunker;848.00;16.25;1808.00;3.90;0
1;bunker;788.00;18.85;1789.00;1.74;0
1;bunker;794.00;11.18;1743.00;4.40;0
1;bunker;782.00;14.62;1825.00;0.79;0
1;bunker;840.00;17.98;1783.00;3.81;0
1;bunker;786.00;14.15;1831.00;0.19;0
1;bunker;807.00;10.20;1856.00;2.85;0
1;bunker;813.00;17.68;1827.00;4.41;0
1;bunker;793.00;13.45;1839.00;2.25;0
1;bunker;863.00;12.98;1800.00;3.46;0
1;bunker;829.00;18.12;1821.00;1.30;0
1;bunker;818.00;22.90;1805.00;2.86;0
1;bunker;834.00;13.15;1840.00;5.52;0
1;bunker;846.00;14.57;1768.00;1.90;0
1;bunker;783.00;16.75;1812.00;6.03;0
1;bunker;821.00;21.95;1784.00;1.31;0
1;bunker;769.00;11.78;1827.00;3.97;0
1;bunker;813.00;13.40;1748.00;1.81;0
1;bunker;787.00;15.98;1823.00;4.47;0
1;bunker;849.00;11.15;1840.00;6.03;0
1;bunker;780.00;15.85;1815.00;2.41;0
1;bunker;825.00;16.08;1831.00;0.26;0
1;bunker;781.00;12.85;1834.00;0.36;0
1;bunker;869.00;10.15;1817.00;4.48;0
1;bunker;800.00;12.35;1846.00;0.86;0
1;bunker;790.00;14.75;1831.00;3.52;0
1;bunker;859.00;13.62;1806.00;0.26;0
1;bunker;822.00;11.20;1740.00;2.93;0
1;bunker;768.00;14.00;1797.00;5.59;0
1;bunker;800.00;11.07;1851.00;1.97;0
1;bunker;865.00;12.12;1786.00;4.99;0
1;bunker;840.00;13.25;1836.00;6.20;0
1;bunker;863.00;9.50;1764.00;4.04;0
1;bunker;807.00;11.18;1852.00;0.42;0
1;bunker;821.00;12.62;1846.00;3.44;0
1;bunker;764.00;12.35;1781.00;4.64;0
1;bunker;851.00;12.30;1832.00;2.48;0
1;bunker;810.00;20.88;1814.00;0.32;0
1;bunker;833.00;17.80;1819.00;0.43;0
1;bunker;823.00;22.75;1802.00;4.55;0
1;bunker;831.00;13.50;1840.00;0.93;0
1;bunker;825.00;15.25;1835.00;2.49;0
1;bunker;846.00;14.38;1825.00;5.15;0
1;bunker;783.00;11.25;1843.00;2.99;0
1;bunker;791.00;19.30;1805.00;4.20;0
1;bunker;771.00;12.85;1822.00;0.94;0
1;bunker;806.00;23.62;1793.00;3.60;0
1;bunker;798.00;15.50;1832.00;6.26;0
1;bunker;776.00;15.15;1812.00;4.10;0
1;bunker;784.00;17.20;1782.00;5.66;0
1;bunker;854.00;14.80;1784.00;2.05;0
1;bunker;806.00;20.65;1778.00;4.71;0
1;bunker;820.00;13.45;1843.00;2.55;0
1;bunker;813.00;13.55;1843.00;4.11;0
1;bunker;857.00;10.98;1833.00;0.49;0
1;bunker;800.00;14.48;1837.00;3.15;0
1;bunker;775.00;11.68;1835.00;6.18;0
1;bunker;838.00;17.85;1814.00;1.10;0
1;bunker;825.00;19.93;1815.00;5.22;0
1;bunker;771.00;14.60;1802.00;3.06;0
1;bunker;795.00;20.43;1804.00;3.16;0
1;bunker;844.00;12.55;1755.00;1.00;0
1;bunker;845.00;11.55;1841.00;3.67;0
1;bunker;800.00;17.93;1769.00;0.05;0
1;bunker;769.00;10.98;1832.00;1.61;0
1;bunker;848.00;11.60;1753.00;5.73;0
1;bunker;837.00;19.38;1789.00;0.65;0
1;bunker;870.00;10.30;1810.00;4.78;0
1;bunker;822.00;10.90;1853.00;0.06;0
1;bunker;834.00;10.32;1852.00;4.18;0
1;bunker;773.00;11.68;1759.00;0.56;0
1;bunker;808.00;20.02;1817.00;2.12;0
1;bunker;763.00;12.00;1813.00;6.24;0
1;bunker;799.00;18.40;1820.00;1.17;0
1;bunker;757.00;10.32;1816.00;5.29;0
1;bunker;859.00;11.25;1829.00;0.57;0
1;bunker;852.00;14.23;1774.00;3.23;0
1;bunker;854.00;11.78;1760.00;5.89;0
1;bunker;818.00;14.53;1839.00;3.73;0
1;bunker;845.00;10.45;1846.00;3.84;0
1;bunker;785.00;10.18;1849.00;1.68;0
1;bunker;833.00;20.25;1803.00;5.80;0
1;bunker;762.00;12.43;1800.00;0.72;0
1;bunker;805.00;23.18;1800.00;3.74;0
1;bunker;849.00;16.25;1805.00;0.12;0
1;bunker;861.00;13.30;1804.00;4.25;0
1;bunker;870.00;11.05;1802.00;4.35;0
1;bunker;789.00;19.15;1802.00;2.19;0
1;bunker;816.00;24.55;1799.00;4.85;0
1;bunker;840.00;18.77;1797.00;1.23;0
1;bunker;797.00;21.27;1799.00;2.79;0
1;bunker;774.00;15.57;1798.00;0.63;0
1;bunker;837.00;19.60;1799.00;3.30;0
1;bunker;807.00;23.93;1795.00;5.96;0
1;bunker;848.00;16.80;1797.00;2.70;0
1;bunker;854.00;15.20;1793.00;3.90;0
1;bunker;813.00;25.08;1794.00;1.74;0
1;bunker;828.00;21.65;1791.00;4.41;0
1;bunker;841.00;17.93;1784.00;5.97;0
1;bunker;864.00;12.70;1794.00;2.35;0
1;bunker;777.00;16.02;1788.00;0.19;0
1;bunker;757.00;10.90;1785.00;1.39;0
1;bunker;761.00;12.20;1790.00;4.42;0
1;bunker;772.00;14.80;1789.00;2.26;0
1;bunker;844.00;17.35;1785.00;4.92;0
1;bunker;866.00;12.00;1788.00;0.19;0
1;bunker;823.00;22.27;1787.00;2.86;0
1;bunker;779.00;16.48;1787.00;0.70;0
1;bunker;810.00;21.88;1782.00;1.91;0
1;bunker;849.00;15.75;1781.00;4.93;0
1;bunker;789.00;17.85;1778.00;1.31;0
1;bunker;779.00;15.28;1775.00;3.97;0
1;bunker;828.00;19.45;1777.00;0.35;0
1;bunker;863.00;12.03;1776.00;3.37;0
1;bunker;868.00;10.32;1776.00;6.04;0
1;bunker;766.00;13.03;1783.00;2.42;0
1;bunker;849.00;15.48;1778.00;0.26;0
1;bunker;772.00;13.35;1772.00;0.36;0
1;bunker;785.00;16.35;1774.00;4.48;0
1;bunker;759.00;9.93;1771.00;0.86;0
1;bunker;762.00;11.15;1772.00;3.88;0
1;bunker;779.00;14.15;1767.00;5.09;0
1;bunker;818.00;18.77;1770.00;2.93;0
1;bunker;844.00;14.07;1763.00;5.59;0
1;bunker;771.00;12.35;1766.00;0.87;0
1;bunker;788.00;15.93;1768.00;4.99;0
1;bunker;801.00;16.55;1763.00;1.38;0
1;bunker;831.00;17.20;1768.00;4.04;0
1;bunker;852.00;12.90;1765.00;5.60;0
1;bunker;805.00;17.35;1765.00;3.44;0
1;bunker;792.00;14.48;1758.00;4.64;0
1;bunker;819.00;17.20;1764.00;2.48;0
1;bunker;847.00;13.07;1760.00;4.05;0
1;bunker;833.00;14.38;1757.00;0.43;0
1;bunker;786.00;12.62;1753.00;3.09;0
1;bunker;774.00;11.12;1755.00;6.11;0
1;bunker;796.00;13.82;1753.00;3.95;0
1;bunker;838.00;12.45;1751.00;5.16;0
1;bunker;782.00;9.73;1745.00;3.00;0
1;bunker;786.00;10.80;1745.00;4.56;0
1;bunker;798.00;12.30;1746.00;0.94;0
1;bunker;806.00;14.57;1753.00;3.60;0
1;bunker;820.00;13.70;1750.00;1.44;0
1;bunker;844.00;9.50;1745.00;1.55;0
1;bunker;815.00;12.30;1744.00;5.67;0
1;bunker;798.00;11.68;1744.00;2.05;0
1;bunker;810.00;9.75;1737.00;4.71;0
1;bunker;817.00;11.05;1739.00;1.45;0
1;coastal_bunker;858.00;10.10;1835.00;-3.93;0
1;coastal_bunker;754.00;10.35;1804.00;-1.57;0
1;coastal_bunker;853.00;9.50;1752.00;1.11;0
1;coastal_bunker;804.00;10.38;1855.00;-3.14;0
1;coastal_bunker;864.00;9.93;1767.00;1.25;0
1;coastal_bunker;872.00;9.80;1801.00;1.57;0
1;coastal_bunker;792.00;10.57;1741.00;0.00;0
1;coastal_bunker;861.00;9.68;1832.00;-4.25;0
1;coastal_bunker;815.00;10.25;1856.00;-3.46;0
1;coastal_bunker;871.00;9.80;1806.00;1.57;0
1;coastal_bunker;771.00;10.05;1754.00;-1.11;0
1;coastal_bunker;843.00;10.38;1848.00;-3.14;0
1;coastal_bunker;754.00;10.45;1791.00;-2.36;0
1;coastal_bunker;755.00;10.20;1811.00;-2.36;0
1;coastal_bunker;866.00;10.62;1822.00;-3.93;0
1;coastal_bunker;764.00;10.25;1830.00;-2.68;0
1;coastal_bunker;756.00;9.95;1778.00;-1.57;0
1;coastal_bunker;834.00;10.32;1852.00;-3.61;0
1;coastal_bunker;779.00;10.25;1845.00;-2.68;0
1;coastal_bunker;761.00;10.20;1826.00;-2.03;0
1;coastal_bunker;754.00;10.50;1798.00;-1.77;0
1;coastal_bunker;871.00;10.30;1790.00;1.57;0
1;coastal_bunker;826.00;10.28;1855.00;-3.73;0
1;coastal_bunker;796.00;10.12;1854.00;-3.14;0
1;coastal_bunker;868.00;9.50;1773.00;1.11;0
1;coastal_bunker;769.00;10.10;1837.00;-2.55;0
1;coastal_bunker;870.00;9.70;1816.00;-4.25;0
1;coastal_bunker;836.00;9.50;1741.00;0.32;0
1;coastal_bunker;784.00;10.35;1848.00;-2.68;0
1;coastal_bunker;824.00;10.38;1855.00;-3.61;0
1;coastal_bunker;850.00;10.12;1843.00;-3.46;0
1;coastal_bunker;860.00;10.32;1761.00;1.57;0
1;coastal_bunker;758.00;9.95;1773.00;-2.36;0
1;coastal_bunker;762.00;10.00;1765.00;-0.79;0
1;coastal_bunker;822.00;9.80;1738.00;0.32;0
1;coastal_bunker;773.00;10.60;1753.00;-0.32;0
1;coastal_bunker;779.00;10.57;1748.00;0.46;0
1;coastal_bunker;872.00;9.80;1796.00;-4.47;0
1;coastal_bunker;788.00;10.07;1851.00;-2.82;0
1;coastal_bunker;868.00;9.70;1820.00;-4.47;0
1;coastal_bunker;786.00;10.15;1744.00;-0.46;0
1;coastal_bunker;839.00;9.50;1743.00;1.11;0
1;coastal_bunker;799.00;9.82;1739.00;-0.32;0
1;coastal_bunker;808.00;9.70;1737.00;0.00;0
1;coastal_bunker;870.00;9.95;1783.00;1.57;0
1;coastal_bunker;817.00;9.75;1737.00;0.00;0
1;dockyard;774.00;10.20;1842.00;-2.55;0
1;anti_air_building;823.00;16.02;1832.00;0.19;0
1;anti_air_building;764.00;11.85;1817.00;1.75;0
1;anti_air_building;836.00;17.18;1820.00;4.42;0
1;synthetic_refinery;798.00;20.33;1783.00;0.80;0
1;fuel_silo;837.00;14.23;1834.00;3.81;0
1;radar_station;854.00;11.05;1836.00;6.12;0
1;rocket_site;793.00;17.58;1820.00;2.86;0
1;nuclear_reactor;826.00;21.38;1806.00;0.70;0
1;floating_harbor;747.14;9.50;1798.37;1.37;313
1;floating_harbor;761.74;9.50;1754.87;-4.25;1056
1;floating_harbor;747.00;9.50;1804.00;1.57;1063
1;floating_harbor;748.00;9.50;1780.00;1.57;1119
1;floating_harbor;761.87;9.50;1838.26;0.46;1239
1;floating_harbor;787.79;9.50;1858.64;0.32;1420
1;floating_harbor;834.21;9.50;1733.36;-2.82;2458
1;floating_harbor;864.00;9.50;1757.00;-1.57;2720
1;floating_harbor;870.64;9.50;1763.79;-1.89;2763
1;floating_harbor;878.79;9.50;1796.70;-1.33;3759
1;floating_harbor;751.05;9.50;1819.95;0.79;4111
1;floating_harbor;877.00;9.50;1783.00;-1.57;4544
1;floating_harbor;855.26;9.50;1745.87;-2.03;4892
1;floating_harbor;826.21;9.50;1731.36;-2.82;5203
1;floating_harbor;841.13;9.50;1857.26;-0.46;5349
1;floating_harbor;767.12;9.50;1844.82;0.59;5666
1;floating_harbor;792.00;9.50;1733.00;-3.14;6109
1;floating_harbor;807.00;9.50;1863.00;0.00;12239
1;floating_harbor;817.21;9.50;1862.64;-0.32;12240
1;floating_harbor;825.13;9.50;1861.26;-0.46;12247
1;floating_harbor;798.00;9.50;1862.00;0.00;12251
1;floating_harbor;833.88;9.50;1859.82;-0.59;12252
1;floating_harbor;780.87;9.50;1855.26;0.46;12274
1;floating_harbor;844.00;9.50;1854.00;0.00;12288
1;floating_harbor;774.87;9.50;1851.26;0.46;12293
1;floating_harbor;852.21;9.50;1849.64;-0.32;12309
1;floating_harbor;860.95;9.50;1841.95;-0.79;12333
1;floating_harbor;867.26;9.50;1834.13;-1.11;12366
1;floating_harbor;753.74;9.50;1827.13;1.11;12402
1;floating_harbor;869.95;9.50;1829.95;-0.79;12404
1;floating_harbor;874.79;9.50;1820.70;-1.33;12440
1;floating_harbor;876.26;9.50;1817.13;-1.11;12454
1;floating_harbor;878.00;9.50;1807.00;-1.57;12493
1;floating_harbor;879.00;9.50;1800.00;-1.57;12528
1;floating_harbor;749.05;9.50;1793.95;0.79;12571
1;floating_harbor;878.00;9.50;1788.00;-1.57;12585
1;floating_harbor;875.26;9.50;1772.87;-2.03;12635
1;floating_harbor;753.05;9.50;1778.95;0.79;12661
1;floating_harbor;757.05;9.50;1761.05;-3.93;12677
1;floating_harbor;772.79;9.50;1744.36;-3.46;12758
1;floating_harbor;785.13;9.50;1739.74;-2.68;12784
1;floating_harbor;782.87;9.50;1737.74;-3.61;12788
1;floating_harbor;847.26;9.50;1740.87;-2.03;12810
1;floating_harbor;796.79;9.50;1732.36;-3.46;12819
1;floating_harbor;806.00;9.50;1730.00;-3.14;12834
2;arms_factory;795.00;21.73;1907.00;2.78;0
2;arms_factory;767.00;14.62;1915.00;5.44;0
2;arms_factory;800.00;17.65;1915.00;2.17;0
2;arms_factory;774.00;15.50;1890.00;3.38;0
2;arms_factory;762.00;12.45;1914.00;1.22;0
2;arms_factory;770.00;16.48;1912.00;5.34;0
2;industrial_complex;791.00;21.80;1913.00;5.45;0
2;industrial_complex;795.00;20.02;1914.00;3.29;0
2;industrial_complex;778.00;15.53;1888.00;5.95;0
2;industrial_complex;764.00;12.12;1920.00;2.33;0
2;industrial_complex;770.00;16.73;1910.00;3.89;0
2;industrial_complex;775.00;17.10;1918.00;1.73;0
2;air_base;801.00;16.55;1918.00;4.40;0
2;supply_node;779.00;10.50;1935.00;2.31;0
2;supply_node;808.00;12.43;1889.00;5.25;0
2;supply_node;762.00;12.10;1916.00;0.45;0
2;supply_node;805.00;16.70;1903.00;4.49;0
2;supply_node;786.00;20.73;1896.00;5.96;0
2;supply_node;811.00;12.98;1916.00;2.61;0
2;supply_node;779.00;15.25;1887.00;5.20;0
2;supply_node;776.00;18.23;1896.00;1.85;0
2;supply_node;770.00;10.43;1881.00;4.79;0
2;supply_node;761.00;11.12;1893.00;1.09;0
2;supply_node;798.00;18.68;1915.00;4.03;0
2;supply_node;806.00;15.85;1911.00;5.50;0
2;supply_node;796.00;12.38;1881.00;3.26;0
2;supply_node;781.00;13.65;1929.00;6.20;0
2;supply_node;803.00;16.52;1896.00;1.39;0
2;supply_node;763.00;13.55;1906.00;5.43;0
2;supply_node;777.00;15.95;1922.00;0.63;0
2;supply_node;791.00;13.07;1931.00;3.57;0
2;supply_node;782.00;11.15;1877.00;1.33;0
2;supply_node;767.00;11.90;1887.00;2.80;0
2;supply_node;787.00;10.60;1936.00;5.74;0
2;supply_node;796.00;10.45;1935.00;2.04;0
2;supply_node;773.00;10.55;1933.00;4.98;0
2;supply_node;803.00;11.03;1931.00;1.63;0
2;supply_node;766.00;10.12;1929.00;4.21;0
2;supply_node;798.00;13.38;1928.00;0.87;0
2;supply_node;773.00;12.40;1928.00;2.34;0
2;supply_node;808.00;11.40;1926.00;0.10;0
2;supply_node;761.00;10.15;1923.00;3.04;0
2;supply_node;788.00;16.18;1925.00;4.52;0
2;supply_node;803.00;14.40;1922.00;2.27;0
2;supply_node;768.00;13.12;1922.00;3.75;0
2;supply_node;812.00;10.95;1922.00;0.41;0
2;supply_node;794.00;16.83;1922.00;4.45;0
2;supply_node;784.00;19.38;1918.00;5.93;0
2;supply_node;771.00;15.93;1916.00;2.58;0
2;supply_node;790.00;20.35;1916.00;5.16;0
2;supply_node;778.00;18.90;1915.00;1.82;0
2;supply_node;757.00;10.12;1914.00;3.29;0
2;supply_node;784.00;22.88;1910.00;1.05;0
2;supply_node;815.00;11.75;1910.00;3.99;0
2;supply_node;769.00;16.38;1909.00;5.47;0
2;supply_node;792.00;22.70;1909.00;2.12;0
2;supply_node;776.00;19.95;1907.00;4.71;0
2;supply_node;799.00;19.80;1907.00;1.36;0
2;supply_node;756.00;10.18;1907.00;4.29;0
2;supply_node;812.00;13.40;1905.00;0.59;0
2;supply_node;782.00;22.65;1903.00;3.53;0
2;supply_node;769.00;16.38;1902.00;5.01;0
2;supply_node;791.00;23.10;1902.00;2.76;0
2;supply_node;816.00;11.32;1902.00;5.70;0
2;supply_node;757.00;10.32;1901.00;0.90;0
2;supply_node;799.00;19.33;1901.00;4.94;0
2;supply_node;810.00;13.78;1898.00;0.13;0
2;supply_node;768.00;15.00;1896.00;3.07;0
2;supply_node;794.00;18.62;1894.00;0.83;0
2;supply_node;814.00;11.25;1895.00;2.31;0
2;supply_node;798.00;15.90;1889.00;5.24;0
2;supply_node;787.00;17.40;1889.00;1.55;0
2;supply_node;803.00;11.45;1882.00;4.48;0
2;supply_node;787.00;13.75;1882.00;1.13;0
2;supply_node;776.00;11.50;1880.00;3.71;0
2;supply_node;790.00;11.32;1877.00;0.37;0
2;naval_base;762.00;10.00;1926.00;-2.36;18880
2;naval_base;817.00;9.68;1896.00;1.11;18880
2;naval_base;788.00;10.00;1939.00;-3.46;18880
2;naval_base;755.00;10.00;1913.00;-2.68;18880
2;naval_base;809.00;10.10;1884.00;1.11;18880
2;naval_base;789.00;9.80;1875.00;0.46;18880
2;naval_base;767.00;10.00;1932.00;-3.14;18880
2;naval_base;803.00;9.78;1934.00;-3.61;18880
2;naval_base;772.00;10.00;1935.00;-2.68;18880
2;naval_base;769.00;9.75;1880.00;0.00;18880
2;naval_base;797.00;10.00;1937.00;-3.61;18880
2;naval_base;754.00;10.00;1904.00;-1.57;18880
2;naval_base;777.00;10.00;1937.00;-3.14;18880
2;naval_base;799.00;10.30;1878.00;0.20;18880
2;naval_base;808.00;9.75;1930.00;-3.93;18880
2;naval_base;818.00;9.78;1911.00;-4.39;18880
2;naval_base;818.00;9.85;1905.00;-4.25;18880
2;naval_base;758.00;10.00;1893.00;-1.25;18880
2;naval_base;764.00;10.10;1885.00;-1.11;18880
2;naval_base;813.00;10.20;1923.00;1.57;18880
2;naval_base;774.00;9.78;1877.00;0.00;18880
2;naval_base;756.00;10.00;1897.00;-0.79;18880
2;naval_base;778.00;9.95;1876.00;0.00;18880
2;naval_base;810.00;10.32;1886.00;1.11;18880
2;naval_base;816.00;10.28;1918.00;-4.55;18880
2;bunker;773.00;14.82;1922.00;0.62;0
2;bunker;804.00;12.82;1926.00;1.83;0
2;bunker;780.00;22.10;1906.00;5.95;0
2;bunker;800.00;18.52;1912.00;2.68;0
2;bunker;780.00;20.35;1898.00;3.90;0
2;bunker;792.00;18.27;1892.00;1.73;0
2;bunker;762.00;12.75;1900.00;4.40;0
2;bunker;768.00;12.50;1924.00;5.96;0
2;bunker;790.00;17.40;1922.00;2.34;0
2;bunker;780.00;17.45;1891.00;0.18;0
2;bunker;793.00;13.25;1930.00;1.39;0
2;bunker;780.00;10.55;1876.00;4.40;0
2;bunker;762.00;12.75;1912.00;0.79;0
2;bunker;810.00;12.90;1894.00;4.91;0
2;bunker;792.00;23.00;1908.00;0.18;0
2;bunker;762.00;11.10;1891.00;2.85;0
2;bunker;789.00;15.20;1885.00;0.69;0
2;bunker;790.00;18.98;1893.00;1.90;0
2;bunker;809.00;13.07;1893.00;4.91;0
2;bunker;810.00;14.35;1903.00;1.29;0
2;bunker;784.00;22.88;1910.00;3.96;0
2;bunker;777.00;11.28;1879.00;0.34;0
2;bunker;795.00;13.75;1883.00;3.36;0
2;bunker;788.00;11.80;1878.00;4.57;0
2;bunker;809.00;12.18;1922.00;2.41;0
2;bunker;800.00;13.03;1884.00;0.25;0
2;bunker;796.00;12.07;1932.00;0.35;0
2;bunker;783.00;20.40;1915.00;4.47;0
2;bunker;761.00;10.35;1922.00;0.85;0
2;bunker;789.00;24.70;1906.00;3.87;0
2;bunker;773.00;18.05;1901.00;5.08;0
2;bunker;777.00;19.80;1911.00;2.92;0
2;bunker;810.00;13.95;1913.00;5.58;0
2;bunker;769.00;15.40;1915.00;0.86;0
2;bunker;814.00;12.00;1912.00;3.52;0
2;bunker;798.00;20.15;1902.00;1.36;0
2;bunker;788.00;22.20;1913.00;4.03;0
2;bunker;776.00;11.20;1933.00;5.59;0
2;bunker;773.00;12.65;1884.00;3.42;0
2;bunker;778.00;10.30;1935.00;4.64;0
2;bunker;772.00;15.78;1894.00;2.48;0
2;bunker;810.00;13.53;1915.00;4.03;0
2;bunker;785.00;11.65;1934.00;0.41;0
2;bunker;765.00;14.25;1902.00;3.08;0
2;bunker;804.00;10.78;1931.00;0.92;0
2;bunker;767.00;15.25;1912.00;1.02;0
2;bunker;804.00;16.90;1900.00;5.15;0
2;bunker;767.00;11.00;1884.00;2.98;0
2;bunker;800.00;15.20;1889.00;4.54;0
2;bunker;816.00;11.43;1904.00;0.92;0
2;bunker;759.00;10.65;1915.00;3.59;0
2;bunker;773.00;11.68;1930.00;1.43;0
2;bunker;778.00;11.93;1932.00;1.53;0
2;bunker;802.00;18.35;1906.00;5.65;0
2;bunker;760.00;12.05;1907.00;2.04;0
2;bunker;775.00;18.33;1914.00;4.70;0
2;bunker;767.00;10.12;1930.00;6.26;0
2;bunker;809.00;12.55;1921.00;4.10;0
2;bunker;786.00;19.05;1893.00;0.48;0
2;bunker;811.00;14.00;1906.00;3.15;0
2;bunker;797.00;10.32;1935.00;6.16;0
2;bunker;813.00;11.20;1893.00;1.09;0
2;bunker;795.00;18.12;1919.00;5.22;0
2;coastal_bunker;818.00;9.78;1911.00;-4.39;0
2;coastal_bunker;767.00;10.00;1933.00;-3.14;0
2;coastal_bunker;762.00;10.05;1887.00;-1.11;0
2;coastal_bunker;810.00;9.73;1885.00;1.11;0
2;coastal_bunker;777.00;10.00;1937.00;-3.14;0
2;coastal_bunker;758.00;9.73;1892.00;-1.25;0
2;coastal_bunker;791.00;9.73;1939.00;-3.46;0
2;coastal_bunker;755.00;10.00;1901.00;-0.79;0
2;coastal_bunker;754.00;10.00;1905.00;-1.57;0
2;coastal_bunker;762.00;10.00;1926.00;-2.36;0
2;coastal_bunker;817.00;9.75;1897.00;1.11;0
2;coastal_bunker;794.00;9.73;1938.00;-3.61;0
2;coastal_bunker;794.00;9.50;1875.00;0.46;0
2;coastal_bunker;780.00;9.62;1875.00;0.00;0
2;coastal_bunker;817.00;9.57;1917.00;-4.55;0
2;coastal_bunker;795.00;9.78;1876.00;0.20;0
2;coastal_bunker;801.00;9.73;1935.00;-3.61;0
2;coastal_bunker;818.00;9.85;1907.00;-4.25;0
2;coastal_bunker;772.00;10.15;1879.00;0.00;0
2;coastal_bunker;803.00;9.50;1879.00;1.11;0
2;coastal_bunker;756.00;10.00;1916.00;-2.68;0
2;coastal_bunker;775.00;9.50;1876.00;0.00;0
2;coastal_bunker;770.00;10.00;1934.00;-2.68;0
2;coastal_bunker;808.00;10.20;1929.00;-3.93;0
2;coastal_bunker;816.00;9.88;1919.00;1.57;0
2;dockyard;781.00;10.00;1938.00;-3.14;0
2;anti_air_building;773.00;11.30;1931.00;2.78;0
2;anti_air_building;766.00;11.82;1888.00;4.34;0
2;anti_air_building;804.00;14.10;1889.00;2.17;0
2;synthetic_refinery;801.00;16.18;1893.00;4.84;0
2;fuel_silo;795.00;15.82;1924.00;0.12;0
2;radar_station;787.00;25.12;1907.00;3.93;0
2;rocket_site;763.00;10.25;1887.00;0.62;0
2;nuclear_reactor;809.00;11.00;1886.00;1.83;0
2;floating_harbor;779.00;9.50;1945.00;0.00;74
2;floating_harbor;818.26;9.50;1883.87;-2.03;298
2;floating_harbor;823.90;9.50;1918.15;-1.41;1562
2;floating_harbor;770.00;9.50;1873.00;-3.14;2808
2;floating_harbor;751.36;9.50;1889.79;-4.39;2811
2;floating_harbor;798.37;9.50;1869.14;-2.94;3617
2;floating_harbor;782.00;9.50;1868.00;-3.14;5507
2;floating_harbor;756.74;9.50;1881.87;-4.25;5825
2;floating_harbor;790.21;9.50;1945.64;-0.32;11924
2;floating_harbor;800.13;9.50;1943.26;-0.46;11929
2;floating_harbor;768.87;9.50;1941.26;0.46;11933
2;floating_harbor;807.13;9.50;1939.26;-0.46;11938
2;floating_harbor;766.00;9.50;1938.00;0.00;11946
2;floating_harbor;814.95;9.50;1932.95;-0.79;11962
2;floating_harbor;755.05;9.50;1928.95;0.79;11973
2;floating_harbor;821.00;9.50;1922.00;-1.57;11986
2;floating_harbor;752.87;9.50;1922.26;0.46;12020
2;floating_harbor;824.64;9.50;1913.21;-1.25;12035
2;floating_harbor;747.00;9.50;1907.00;1.57;12050
2;floating_harbor;824.26;9.50;1906.13;-1.11;12070
2;floating_harbor;750.05;9.50;1894.05;-3.93;12073
2;floating_harbor;822.26;9.50;1890.87;-2.03;12097
2;floating_harbor;811.26;9.50;1877.87;-2.03;12125
2;floating_harbor;776.00;9.50;1869.00;-3.14;12140
3;arms_factory;931.00;10.48;1879.00;2.17;0
3;arms_factory;923.00;11.25;1820.00;3.38;0
3;arms_factory;910.00;14.57;1834.00;1.22;0
3;arms_factory;941.00;12.90;1870.00;5.34;0
3;arms_factory;950.00;12.73;1837.00;5.45;0
3;arms_factory;920.00;13.03;1824.00;3.29;0
3;industrial_complex;946.00;11.90;1829.00;5.95;0
3;industrial_complex;934.00;16.83;1865.00;2.33;0
3;industrial_complex;949.00;14.35;1846.00;3.89;0
3;industrial_complex;915.00;19.48;1847.00;1.73;0
3;industrial_complex;904.00;14.18;1844.00;4.40;0
3;industrial_complex;908.00;13.60;1834.00;0.78;0
3;air_base;910.00;13.80;1866.00;2.34;0
3;supply_node;928.00;18.20;1834.00;0.45;0
3;supply_node;934.00;20.70;1842.00;4.49;0
3;supply_node;907.00;15.07;1842.00;5.96;0
3;supply_node;919.00;21.65;1848.00;2.61;0
3;supply_node;949.00;14.45;1848.00;5.20;0
3;supply_node;903.00;10.75;1867.00;1.85;0
3;supply_node;903.00;13.75;1849.00;4.79;0
3;supply_node;937.00;12.98;1872.00;1.09;0
3;supply_node;941.00;15.00;1865.00;4.03;0
3;supply_node;919.00;11.35;1876.00;5.50;0
3;supply_node;937.00;16.62;1834.00;3.26;0
3;supply_node;928.00;23.45;1853.00;6.20;0
3;supply_node;953.00;11.45;1861.00;1.39;0
3;supply_node;954.00;11.75;1841.00;5.43;0
3;supply_node;913.00;16.73;1860.00;0.63;0
3;supply_node;956.00;11.03;1850.00;3.57;0
3;supply_node;923.00;14.25;1826.00;1.33;0
3;supply_node;925.00;21.98;1842.00;2.80;0
3;supply_node;932.00;11.25;1877.00;5.74;0
3;supply_node;925.00;10.60;1879.00;2.04;0
3;supply_node;913.00;10.05;1877.00;4.98;0
3;supply_node;941.00;10.88;1875.00;1.63;0
3;supply_node;907.00;10.12;1873.00;4.21;0
3;supply_node;926.00;14.00;1872.00;0.87;0
3;supply_node;914.00;12.73;1871.00;2.34;0
3;supply_node;947.00;11.55;1869.00;0.10;0
3;supply_node;920.00;15.98;1867.00;3.04;0
3;supply_node;931.00;16.38;1867.00;4.52;0
3;supply_node;908.00;12.80;1866.00;2.27;0
3;supply_node;898.00;10.07;1862.00;3.75;0
3;supply_node;925.00;18.30;1863.00;0.41;0
3;supply_node;934.00;18.70;1861.00;4.45;0
3;supply_node;904.00;13.30;1859.00;5.93;0
3;supply_node;946.00;14.90;1859.00;2.58;0
3;supply_node;920.00;20.10;1857.00;5.16;0
3;supply_node;897.00;10.65;1855.00;1.82;0
3;supply_node;940.00;18.23;1856.00;3.29;0
3;supply_node;908.00;15.78;1854.00;1.05;0
3;supply_node;951.00;13.32;1854.00;3.99;0
3;supply_node;934.00;22.08;1850.00;5.47;0
3;supply_node;895.00;10.00;1849.00;2.12;0
3;supply_node;941.00;18.75;1849.00;4.71;0
3;supply_node;911.00;17.77;1847.00;1.36;0
3;supply_node;898.00;11.10;1843.00;4.29;0
3;supply_node;915.00;18.60;1842.00;0.59;0
3;supply_node;942.00;17.15;1841.00;3.53;0
3;supply_node;948.00;13.90;1838.00;5.01;0
3;supply_node;900.00;11.10;1837.00;2.76;0
3;supply_node;911.00;15.62;1836.00;5.70;0
3;supply_node;919.00;18.20;1836.00;0.90;0
3;supply_node;944.00;13.80;1832.00;4.94;0
3;supply_node;951.00;11.07;1832.00;0.13;0
3;supply_node;905.00;11.80;1831.00;3.07;0
3;supply_node;915.00;14.50;1830.00;0.83;0
3;supply_node;933.00;14.38;1827.00;2.31;0
3;supply_node;940.00;12.30;1825.00;5.24;0
3;supply_node;946.00;10.98;1826.00;1.55;0
3;supply_node;908.00;10.57;1825.00;4.48;0
3;supply_node;915.00;10.93;1822.00;1.13;0
3;supply_node;929.00;11.75;1821.00;3.71;0
3;supply_node;936.00;10.65;1820.00;0.37;0
3;supply_node;922.00;10.75;1819.00;1.85;0
3;naval_base;895.00;9.73;1842.00;-0.98;18880
3;naval_base;897.00;10.03;1861.00;-2.36;18880
3;naval_base;902.00;10.15;1830.00;-1.33;18880
3;naval_base;939.00;10.23;1821.00;0.79;18880
3;naval_base;947.00;10.12;1873.00;-3.93;18869
3;naval_base;921.00;9.95;1818.00;0.00;18880
3;naval_base;956.00;9.57;1860.00;-4.25;18869
3;naval_base;907.00;9.50;1823.00;-0.79;18880
3;naval_base;928.00;9.60;1817.00;0.24;18880
3;naval_base;954.00;9.50;1833.00;0.79;18880
3;naval_base;958.00;9.65;1847.00;1.57;18869
3;naval_base;913.00;10.00;1879.00;-3.61;18880
3;naval_base;957.00;9.78;1844.00;1.11;18869
3;naval_base;935.00;10.00;1880.00;-3.39;18869
3;naval_base;903.00;10.03;1870.00;-2.36;18880
3;naval_base;919.00;10.00;1881.00;-3.14;18880
3;naval_base;943.00;9.88;1823.00;0.98;18880
3;naval_base;939.00;10.05;1878.00;-3.61;18869
3;naval_base;946.00;9.50;1824.00;0.79;18880
3;naval_base;894.00;10.00;1846.00;-1.57;18880
3;naval_base;905.00;10.00;1874.00;-3.14;18880
3;naval_base;894.00;10.00;1854.00;-2.36;18880
3;naval_base;898.00;9.73;1833.00;-0.98;18880
3;naval_base;912.00;9.80;1821.00;-0.46;18880
3;naval_base;928.00;10.00;1881.00;-3.14;18869
3;naval_base;937.00;9.73;1880.00;-3.14;18869
3;bunker;919.00;10.55;1878.00;5.95;0
3;bunker;942.00;17.68;1854.00;2.68;0
3;bunker;920.00;19.40;1859.00;3.90;0
3;bunker;927.00;20.05;1860.00;1.73;0
3;bunker;923.00;10.85;1819.00;4.40;0
3;bunker;906.00;11.70;1830.00;5.96;0
3;bunker;939.00;14.55;1830.00;2.34;0
3;bunker;940.00;17.30;1838.00;0.18;0
3;bunker;937.00;12.88;1825.00;1.39;0
3;bunker;933.00;13.15;1824.00;4.40;0
3;bunker;929.00;13.15;1874.00;0.79;0
3;bunker;900.00;11.48;1858.00;4.91;0
3;bunker;913.00;10.57;1822.00;0.18;0
3;bunker;910.00;14.40;1864.00;2.85;0
3;bunker;921.00;15.75;1868.00;0.69;0
3;bunker;951.00;13.60;1849.00;1.90;0
3;bunker;951.00;13.05;1856.00;4.91;0
3;bunker;945.00;15.50;1858.00;1.29;0
3;bunker;907.00;15.53;1845.00;3.96;0
3;bunker;932.00;20.18;1839.00;0.34;0
3;bunker;938.00;14.70;1868.00;3.36;0
3;bunker;933.00;18.33;1862.00;4.57;0
3;bunker;905.00;14.68;1852.00;2.41;0
3;bunker;938.00;10.73;1821.00;0.25;0
3;bunker;944.00;11.48;1826.00;0.35;0
3;bunker;913.00;15.60;1863.00;4.47;0
3;bunker;924.00;18.15;1834.00;0.85;0
3;bunker;938.00;20.02;1848.00;3.87;0
3;bunker;946.00;13.90;1835.00;5.08;0
3;bunker;915.00;12.20;1873.00;2.92;0
3;bunker;916.00;14.85;1830.00;5.58;0
3;bunker;903.00;12.53;1860.00;0.86;0
3;bunker;935.00;10.15;1879.00;3.52;0
3;bunker;913.00;18.62;1850.00;1.36;0
3;bunker;925.00;24.35;1850.00;4.03;0
3;bunker;913.00;16.93;1838.00;5.59;0
3;bunker;926.00;11.35;1820.00;3.42;0
3;bunker;905.00;10.85;1869.00;4.64;0
3;bunker;934.00;14.38;1870.00;2.48;0
3;bunker;897.00;10.25;1858.00;4.03;0
3;bunker;909.00;11.40;1871.00;0.41;0
3;bunker;914.00;18.50;1843.00;3.08;0
3;bunker;900.00;11.10;1837.00;0.92;0
3;bunker;918.00;16.68;1833.00;1.02;0
3;bunker;932.00;22.90;1847.00;5.15;0
3;bunker;944.00;11.25;1872.00;2.98;0
3;bunker;922.00;21.33;1842.00;4.54;0
3;bunker;950.00;11.88;1834.00;0.92;0
3;bunker;899.00;11.38;1842.00;3.59;0
3;bunker;938.00;12.80;1872.00;1.43;0
3;bunker;954.00;11.65;1840.00;1.53;0
3;bunker;909.00;16.40;1854.00;5.65;0
3;bunker;948.00;14.40;1841.00;2.04;0
3;bunker;927.00;20.50;1859.00;4.70;0
3;bunker;928.00;14.78;1827.00;6.26;0
3;bunker;915.00;11.20;1875.00;4.10;0
3;bunker;895.00;10.00;1850.00;0.48;0
3;bunker;950.00;11.00;1867.00;3.15;0
3;bunker;925.00;11.45;1877.00;6.16;0
3;bunker;954.00;12.30;1851.00;1.09;0
3;bunker;909.00;11.32;1826.00;5.22;0
3;bunker;952.00;12.35;1858.00;0.49;0
3;coastal_bunker;901.00;9.75;1830.00;-1.33;0
3;coastal_bunker;907.00;9.50;1823.00;-0.79;0
3;coastal_bunker;956.00;9.75;1840.00;1.11;0
3;coastal_bunker;929.00;9.57;1817.00;0.24;0
3;coastal_bunker;910.00;10.00;1876.00;-3.14;0
3;coastal_bunker;935.00;10.00;1880.00;-3.39;0
3;coastal_bunker;894.00;10.00;1854.00;-2.36;0
3;coastal_bunker;953.00;10.20;1866.00;-4.25;0
3;coastal_bunker;922.00;9.50;1817.00;0.00;0
3;coastal_bunker;894.00;10.00;1846.00;-1.57;0
3;coastal_bunker;898.00;10.00;1864.00;-2.36;0
3;coastal_bunker;903.00;10.03;1870.00;-2.36;0
3;coastal_bunker;937.00;10.00;1879.00;-3.14;0
3;coastal_bunker;946.00;10.28;1825.00;0.79;0
3;coastal_bunker;938.00;10.00;1879.00;-3.61;0
3;coastal_bunker;913.00;10.20;1821.00;-0.46;0
3;coastal_bunker;915.00;10.00;1879.00;-3.61;0
3;coastal_bunker;897.00;10.15;1838.00;-0.98;0
3;coastal_bunker;954.00;9.75;1834.00;-4.12;0
3;coastal_bunker;937.00;10.18;1820.00;0.79;0
3;coastal_bunker;896.00;10.05;1840.00;-0.98;0
3;coastal_bunker;942.00;9.50;1822.00;0.98;0
3;coastal_bunker;926.00;10.00;1881.00;-3.14;0
3;coastal_bunker;958.00;9.65;1851.00;1.57;0
3;coastal_bunker;951.00;9.82;1869.00;-3.93;0
3;coastal_bunker;919.00;10.00;1881.00;-3.14;0
3;dockyard;918.00;10.00;1880.00;-3.14;0
3;anti_air_building;942.00;14.25;1866.00;2.17;0
3;anti_air_building;931.00;16.73;1831.00;4.84;0
3;anti_air_building;929.00;21.93;1842.00;0.12;0
3;synthetic_refinery;928.00;11.35;1820.00;2.78;0
3;fuel_silo;945.00;15.80;1841.00;0.62;0
3;radar_station;927.00;25.05;1849.00;3.17;0
3;rocket_site;918.00;20.38;1843.00;4.85;0
3;nuclear_reactor;915.00;17.68;1859.00;1.23;0
3;floating_harbor;896.05;9.50;1873.95;0.79;1468
3;floating_harbor;937.00;9.50;1887.00;0.00;1544
3;floating_harbor;832.00;13.55;1839.00;-4.26;2459
3;floating_harbor;961.26;9.50;1865.13;-1.11;3047
3;floating_harbor;962.26;9.50;1836.87;-2.03;3427
3;floating_harbor;965.00;9.50;1850.00;-1.57;4699
3;floating_harbor;934.70;9.50;1887.79;-0.24;5949
3;floating_harbor;925.00;9.50;1888.00;0.00;12134
3;floating_harbor;917.13;9.50;1885.26;-0.46;12143
3;floating_harbor;945.13;9.50;1883.26;-0.46;12152
3;floating_harbor;907.00;9.50;1882.00;0.00;12157
3;floating_harbor;953.95;9.50;1875.95;-0.79;12172
3;floating_harbor;892.05;9.50;1867.95;0.79;12205
3;floating_harbor;890.05;9.50;1861.95;0.79;12241
3;floating_harbor;887.00;9.50;1849.00;1.57;12276
3;floating_harbor;889.18;9.50;1837.12;-4.12;12304
3;floating_harbor;891.18;9.50;1831.12;-4.12;12334
3;floating_harbor;956.95;9.50;1826.05;-2.36;12368
3;floating_harbor;894.21;9.50;1828.30;-4.47;12375
3;floating_harbor;948.82;9.50;1819.12;-2.16;12397
3;floating_harbor;951.95;9.50;1820.05;-2.36;12398
3;floating_harbor;902.05;9.50;1819.05;-3.93;12405
3;floating_harbor;910.87;9.50;1813.74;-3.61;12413
3;floating_harbor;931.70;9.50;1810.21;-2.90;12416
3;floating_harbor;941.95;9.50;1814.05;-2.36;12427
4;arms_factory;1018.00;10.55;1944.00;1.22;0
4;arms_factory;1047.00;24.52;1953.00;5.34;0
4;arms_factory;1036.00;19.43;1956.00;5.45;0
4;arms_factory;1050.00;13.03;1926.00;3.29;0
4;arms_factory;1052.00;18.75;1964.00;5.95;0
4;arms_factory;1068.00;11.40;1971.00;2.33;0
4;industrial_complex;1017.00;10.45;1954.00;3.89;0
4;industrial_complex;1057.00;20.05;1957.00;1.73;0
4;industrial_complex;1063.00;13.80;1969.00;4.40;0
4;industrial_complex;1056.00;17.48;1937.00;0.78;0
4;industrial_complex;1042.00;12.38;1925.00;2.34;0
4;industrial_complex;1037.00;16.25;1935.00;0.18;0
4;air_base;1016.00;10.00;1958.00;2.84;0
4;supply_node;1054.00;10.65;1980.00;5.96;0
4;supply_node;1071.00;13.43;1959.00;2.61;0
4;supply_node;1068.00;11.10;1972.00;5.20;0
4;supply_node;1059.00;17.20;1939.00;1.85;0
4;supply_node;1050.00;19.05;1964.00;4.79;0
4;supply_node;1065.00;16.58;1947.00;1.09;0
4;supply_node;1046.00;12.60;1925.00;4.03;0
4;supply_node;1023.00;10.25;1932.00;5.50;0
4;supply_node;1043.00;21.90;1957.00;3.26;0
4;supply_node;1028.00;10.35;1975.00;6.20;0
4;supply_node;1068.00;13.68;1939.00;1.39;0
4;supply_node;1055.00;14.05;1973.00;5.43;0
4;supply_node;1023.00;12.15;1963.00;0.63;0
4;supply_node;1022.00;11.98;1940.00;3.57;0
4;supply_node;1023.00;13.45;1948.00;1.33;0
4;supply_node;1034.00;11.60;1976.00;2.80;0
4;supply_node;1053.00;15.23;1931.00;5.74;0
4;supply_node;1041.00;10.32;1981.00;2.04;0
4;supply_node;1048.00;11.05;1980.00;4.98;0
4;supply_node;1061.00;11.07;1977.00;1.63;0
4;supply_node;1040.00;12.73;1976.00;4.21;0
4;supply_node;1046.00;15.35;1972.00;0.87;0
4;supply_node;1021.00;10.05;1969.00;2.34;0
4;supply_node;1062.00;13.75;1970.00;0.10;0
4;supply_node;1028.00;12.50;1969.00;3.04;0
4;supply_node;1037.00;15.60;1968.00;4.52;0
4;supply_node;1073.00;10.75;1966.00;2.27;0
4;supply_node;1043.00;18.45;1965.00;3.75;0
4;supply_node;1067.00;13.62;1965.00;0.41;0
4;supply_node;1058.00;17.40;1964.00;4.45;0
4;supply_node;1031.00;15.48;1963.00;5.93;0
4;supply_node;1017.00;10.00;1961.00;2.58;0
4;supply_node;1063.00;17.20;1958.00;5.16;0
4;supply_node;1054.00;21.10;1957.00;1.82;0
4;supply_node;1028.00;15.78;1956.00;3.29;0
4;supply_node;1036.00;19.25;1957.00;1.05;0
4;supply_node;1019.00;11.25;1955.00;3.99;0
4;supply_node;1076.00;11.25;1956.00;5.47;0
4;supply_node;1049.00;24.65;1952.00;2.12;0
4;supply_node;1059.00;19.80;1952.00;4.71;0
4;supply_node;1070.00;14.45;1952.00;1.36;0
4;supply_node;1031.00;17.40;1951.00;4.29;0
4;supply_node;1016.00;10.15;1950.00;0.59;0
4;supply_node;1039.00;21.45;1950.00;3.53;0
4;supply_node;1076.00;11.38;1948.00;5.01;0
4;supply_node;1054.00;21.62;1947.00;2.76;0
4;supply_node;1044.00;22.38;1946.00;5.70;0
4;supply_node;1029.00;15.90;1944.00;0.90;0
4;supply_node;1017.00;10.12;1943.00;4.94;0
4;supply_node;1036.00;18.73;1943.00;0.13;0
4;supply_node;1050.00;20.65;1941.00;3.07;0
4;supply_node;1074.00;11.65;1942.00;0.83;0
4;supply_node;1043.00;19.15;1939.00;2.31;0
4;supply_node;1029.00;14.20;1937.00;5.24;0
4;supply_node;1036.00;16.35;1936.00;1.55;0
4;supply_node;1046.00;16.48;1933.00;4.48;0
4;supply_node;1070.00;11.28;1933.00;1.13;0
4;supply_node;1064.00;12.78;1931.00;3.71;0
4;supply_node;1030.00;12.10;1930.00;0.37;0
4;supply_node;1039.00;14.45;1930.00;1.85;0
4;supply_node;1059.00;11.80;1926.00;5.89;0
4;supply_node;1033.00;10.80;1925.00;2.54;0
4;supply_node;1053.00;11.48;1923.00;4.02;0
4;supply_node;1040.00;10.95;1922.00;1.78;0
4;naval_base;1017.00;10.00;1940.00;-1.57;18869
4;naval_base;1036.00;9.50;1921.00;0.46;18869
4;naval_base;1027.00;10.00;1978.00;-3.14;18869
4;naval_base;1019.00;10.03;1937.00;-1.11;18869
4;naval_base;1055.00;9.78;1921.00;0.46;18869
4;naval_base;1063.00;10.20;1925.00;0.98;18869
4;naval_base;1039.00;10.00;1983.00;-3.61;18869
4;naval_base;1076.00;10.28;1963.00;-4.25;18869
4;naval_base;1019.00;9.73;1935.00;-1.57;18869
4;naval_base;1057.00;10.00;1982.00;-3.61;18869
4;naval_base;1069.00;10.38;1973.00;-3.61;18869
4;naval_base;1030.00;10.12;1925.00;-0.46;18869
4;naval_base;1075.00;9.75;1938.00;0.79;18869
4;naval_base;1065.00;10.15;1977.00;-3.61;18869
4;naval_base;1071.00;10.30;1932.00;0.79;18869
4;naval_base;1078.00;9.73;1957.00;-3.93;18869
4;naval_base;1078.00;9.70;1945.00;1.57;18869
4;naval_base;1047.00;10.00;1984.00;-3.39;18869
4;naval_base;1019.00;10.00;1966.00;-3.14;18869
4;naval_base;1067.00;9.50;1927.00;0.64;18869
4;naval_base;1027.00;10.25;1927.00;-0.64;18869
4;naval_base;1016.00;10.00;1959.00;-2.36;18869
4;naval_base;1014.00;10.00;1948.00;-2.03;18869
4;naval_base;1032.00;10.05;1979.00;-3.14;18869
4;naval_base;1014.00;10.00;1956.00;-2.03;18869
4;naval_base;1048.00;9.60;1920.00;0.38;18869
4;bunker;1016.00;10.10;1955.00;4.40;0
4;bunker;1016.00;10.00;1944.00;5.96;0
4;bunker;1058.00;12.68;1927.00;2.34;0
4;bunker;1055.00;17.77;1965.00;0.18;0
4;bunker;1036.00;10.10;1980.00;1.39;0
4;bunker;1031.00;13.12;1970.00;4.40;0
4;bunker;1055.00;18.40;1939.00;0.79;0
4;bunker;1070.00;13.20;1962.00;4.91;0
4;bunker;1038.00;15.07;1970.00;0.18;0
4;bunker;1057.00;14.32;1972.00;2.85;0
4;bunker;1066.00;15.75;1957.00;0.69;0
4;bunker;1049.00;16.05;1932.00;1.90;0
4;bunker;1048.00;20.80;1941.00;4.91;0
4;bunker;1028.00;15.88;1955.00;1.29;0
4;bunker;1053.00;21.60;1946.00;3.96;0
4;bunker;1034.00;11.10;1925.00;0.34;0
4;bunker;1063.00;17.12;1944.00;3.36;0
4;bunker;1067.00;13.30;1936.00;4.57;0
4;bunker;1027.00;10.00;1976.00;2.41;0
4;bunker;1058.00;11.40;1978.00;0.25;0
4;bunker;1045.00;14.62;1973.00;0.35;0
4;bunker;1077.00;11.03;1950.00;4.47;0
4;bunker;1042.00;10.00;1984.00;0.85;0
4;bunker;1063.00;12.28;1973.00;3.87;0
4;bunker;1032.00;16.30;1961.00;5.08;0
4;bunker;1035.00;15.78;1935.00;2.92;0
4;bunker;1043.00;19.62;1962.00;5.58;0
4;bunker;1033.00;17.65;1944.00;0.86;0
4;bunker;1071.00;13.25;1942.00;3.52;0
4;bunker;1028.00;16.10;1952.00;1.36;0
4;bunker;1041.00;13.35;1927.00;4.03;0
4;bunker;1053.00;21.40;1957.00;5.59;0
4;bunker;1073.00;12.60;1955.00;3.42;0
4;bunker;1059.00;19.73;1949.00;4.64;0
4;bunker;1049.00;16.15;1970.00;2.48;0
4;bunker;1026.00;14.15;1960.00;4.03;0
4;bunker;1043.00;20.70;1942.00;0.41;0
4;bunker;1067.00;12.20;1933.00;3.08;0
4;bunker;1043.00;22.12;1946.00;0.92;0
4;bunker;1020.00;10.00;1969.00;1.02;0
4;bunker;1026.00;15.05;1951.00;5.15;0
4;bunker;1072.00;11.15;1935.00;2.98;0
4;bunker;1040.00;21.93;1953.00;4.54;0
4;bunker;1037.00;18.58;1941.00;0.92;0
4;bunker;1043.00;23.12;1953.00;3.59;0
4;bunker;1031.00;13.03;1932.00;1.43;0
4;bunker;1026.00;12.48;1935.00;1.53;0
4;bunker;1037.00;19.40;1958.00;5.65;0
4;bunker;1042.00;11.98;1924.00;2.04;0
4;bunker;1069.00;11.62;1969.00;4.70;0
4;bunker;1052.00;10.85;1980.00;6.26;0
4;bunker;1015.00;10.00;1949.00;4.10;0
4;bunker;1047.00;12.20;1924.00;0.48;0
4;bunker;1022.00;11.53;1938.00;3.15;0
4;bunker;1045.00;12.73;1977.00;6.16;0
4;bunker;1074.00;9.85;1967.00;1.09;0
4;bunker;1076.00;10.95;1959.00;5.22;0
4;bunker;1049.00;24.70;1951.00;0.49;0
4;bunker;1021.00;9.73;1932.00;4.61;0
4;bunker;1047.00;10.20;1982.00;5.82;0
4;bunker;1054.00;12.65;1926.00;3.66;0
4;bunker;1066.00;14.45;1963.00;5.22;0
4;bunker;1045.00;15.57;1931.00;1.60;0
4;bunker;1018.00;10.03;1963.00;5.72;0
4;coastal_bunker;1067.00;10.32;1928.00;0.64;0
4;coastal_bunker;1038.00;9.68;1921.00;0.46;0
4;coastal_bunker;1068.00;10.20;1974.00;-3.61;0
4;coastal_bunker;1025.00;10.10;1929.00;-1.57;0
4;coastal_bunker;1053.00;9.88;1921.00;0.46;0
4;coastal_bunker;1034.00;10.35;1923.00;-0.46;0
4;coastal_bunker;1053.00;10.00;1983.00;-3.61;0
4;coastal_bunker;1036.00;10.00;1982.00;-3.14;0
4;coastal_bunker;1043.00;10.00;1984.00;-3.61;0
4;coastal_bunker;1070.00;9.73;1930.00;0.79;0
4;coastal_bunker;1015.00;10.00;1959.00;-2.36;0
4;coastal_bunker;1078.00;9.78;1956.00;-3.93;0
4;coastal_bunker;1016.00;9.73;1940.00;-1.57;0
4;coastal_bunker;1014.00;9.73;1947.00;-2.03;0
4;coastal_bunker;1026.00;10.00;1976.00;-3.14;0
4;coastal_bunker;1024.00;10.03;1973.00;-3.14;0
4;coastal_bunker;1064.00;10.12;1978.00;-3.61;0
4;coastal_bunker;1050.00;10.00;1984.00;-3.39;0
4;coastal_bunker;1076.00;10.15;1940.00;0.79;0
4;coastal_bunker;1048.00;9.60;1920.00;0.38;0
4;coastal_bunker;1076.00;9.88;1964.00;-4.25;0
4;coastal_bunker;1064.00;9.70;1925.00;0.98;0
4;coastal_bunker;1018.00;10.00;1938.00;-1.11;0
4;coastal_bunker;1078.00;9.85;1950.00;1.57;0
4;coastal_bunker;1015.00;10.00;1956.00;-2.03;0
4;coastal_bunker;1027.00;9.73;1926.00;-0.64;0
4;dockyard;1021.00;9.73;1932.00;-1.57;0
4;anti_air_building;1031.00;11.18;1927.00;4.85;0
4;anti_air_building;1062.00;17.58;1958.00;1.23;0
4;anti_air_building;1059.00;17.90;1961.00;5.35;0
4;synthetic_refinery;1034.00;13.82;1971.00;0.28;0
4;fuel_silo;1051.00;12.55;1925.00;3.29;0
4;rocket_site;1048.00;20.80;1941.00;2.34;0
4;nuclear_reactor;1042.00;19.48;1962.00;0.18;0
4;floating_harbor;1058.13;9.50;1988.26;-0.46;220
4;floating_harbor;1072.13;9.50;1980.26;-0.46;1122
4;floating_harbor;1050.60;9.50;1913.50;-2.76;3240
4;floating_harbor;1015.00;9.50;1932.00;1.57;3734
4;floating_harbor;1028.00;9.50;1985.00;0.00;4384
4;floating_harbor;1011.74;9.50;1934.87;-4.25;5315
4;floating_harbor;1034.00;9.50;1988.00;0.00;5950
4;floating_harbor;1045.13;9.50;1989.26;-0.46;11795
4;floating_harbor;1050.70;9.50;1990.79;-0.24;11805
4;floating_harbor;1065.13;9.50;1985.26;-0.46;11810
4;floating_harbor;1021.00;9.50;1977.00;0.00;11824
4;floating_harbor;1081.26;9.50;1970.13;-1.11;11838
4;floating_harbor;1011.05;9.50;1966.95;0.79;11856
4;floating_harbor;1008.74;9.50;1960.13;1.11;11874
4;floating_harbor;1082.95;9.50;1962.95;-0.79;11875
4;floating_harbor;1007.74;9.50;1954.13;1.11;11888
4;floating_harbor;1085.00;9.50;1948.00;-1.57;11898
4;floating_harbor;1009.00;9.50;1943.00;1.57;11911
4;floating_harbor;1080.95;9.50;1935.05;-2.36;11916
4;floating_harbor;1075.95;9.50;1927.05;-2.36;11939
4;floating_harbor;1071.20;9.50;1921.40;-2.50;11941
4;floating_harbor;1022.80;9.50;1920.40;-3.79;11947
4;floating_harbor;1067.82;9.50;1920.12;-2.16;11967
4;floating_harbor;1028.87;9.50;1916.74;-3.61;11978
4;floating_harbor;1057.13;9.50;1914.74;-2.68;11987
5;arms_factory;976.00;17.30;1996.00;5.45;0
5;arms_factory;967.00;11.00;1987.00;3.29;0
5;arms_factory;992.00;20.60;1999.00;5.95;0
5;arms_factory;963.00;13.15;2002.00;2.33;0
5;arms_factory;1005.00;16.20;2016.00;3.89;0
5;arms_factory;995.00;17.77;2022.00;1.73;0
5;industrial_complex;990.00;19.95;2019.00;4.40;0
5;industrial_complex;992.00;17.00;2025.00;0.78;0
5;industrial_complex;998.00;19.60;2002.00;2.34;0
5;industrial_complex;960.00;10.07;1993.00;0.18;0
5;industrial_complex;1013.00;12.35;2000.00;2.84;0
5;industrial_complex;995.00;21.45;2005.00;5.50;0
5;air_base;994.00;22.38;2009.00;2.24;0
5;supply_node;962.00;10.43;1991.00;5.20;0
5;supply_node;997.00;11.95;2034.00;1.85;0
5;supply_node;997.00;11.82;1982.00;4.79;0
5;supply_node;978.00;19.20;2017.00;1.09;0
5;supply_node;957.00;10.25;2014.00;4.03;0
5;supply_node;974.00;16.55;1996.00;5.50;0
5;supply_node;1010.00;13.30;1998.00;3.26;0
5;supply_node;964.00;10.68;2027.00;6.20;0
5;supply_node;982.00;15.75;1989.00;1.39;0
5;supply_node;1006.00;13.12;1991.00;5.43;0
5;supply_node;977.00;12.55;2032.00;0.63;0
5;supply_node;977.00;20.38;2007.00;3.57;0
5;supply_node;982.00;11.57;1980.00;1.33;0
5;supply_node;970.00;10.50;2033.00;2.80;0
5;supply_node;985.00;20.52;2018.00;5.74;0
5;supply_node;994.00;20.62;2016.00;2.04;0
5;supply_node;999.00;19.60;2004.00;4.98;0
5;supply_node;991.00;15.10;1987.00;1.63;0
5;supply_node;997.00;16.33;1992.00;4.21;0
5;supply_node;993.00;16.27;2026.00;0.87;0
5;supply_node;1014.00;11.78;2016.00;2.34;0
5;supply_node;968.00;15.90;2008.00;0.10;0
5;supply_node;972.00;14.70;2024.00;3.04;0
5;supply_node;990.00;11.12;1979.00;4.52;0
5;supply_node;983.00;10.12;2039.00;2.27;0
5;supply_node;991.00;10.75;2038.00;3.75;0
5;supply_node;1003.00;10.68;2034.00;0.41;0
5;supply_node;986.00;12.75;2034.00;4.45;0
5;supply_node;1009.00;11.10;2028.00;5.93;0
5;supply_node;984.00;16.05;2027.00;2.58;0
5;supply_node;1003.00;13.48;2027.00;5.16;0
5;supply_node;1012.00;11.82;2022.00;1.82;0
5;supply_node;958.00;10.00;2021.00;3.29;0
5;supply_node;998.00;17.40;2021.00;1.05;0
5;supply_node;1006.00;14.80;2020.00;3.99;0
5;supply_node;965.00;13.10;2019.00;5.47;0
5;supply_node;970.00;16.48;2014.00;2.12;0
5;supply_node;1002.00;17.90;2013.00;4.71;0
5;supply_node;1008.00;15.03;2013.00;1.36;0
5;supply_node;962.00;12.85;2013.00;4.29;0
5;supply_node;990.00;23.83;2011.00;0.59;0
5;supply_node;1017.00;11.03;2010.00;3.53;0
5;supply_node;956.00;10.18;2008.00;5.01;0
5;supply_node;1011.00;14.00;2006.00;2.76;0
5;supply_node;984.00;23.60;2006.00;5.70;0
5;supply_node;993.00;22.20;2004.00;0.90;0
5;supply_node;960.00;11.62;2004.00;4.94;0
5;supply_node;1016.00;11.15;2002.00;0.13;0
5;supply_node;967.00;14.68;2001.00;3.07;0
5;supply_node;981.00;19.98;1999.00;0.83;0
5;supply_node;989.00;19.90;1997.00;2.31;0
5;supply_node;958.00;10.15;1998.00;5.24;0
5;supply_node;1003.00;16.30;1998.00;1.55;0
5;supply_node;967.00;13.15;1994.00;4.48;0
5;supply_node;1012.00;11.20;1992.00;1.13;0
5;supply_node;973.00;13.60;1989.00;3.71;0
5;supply_node;967.00;10.53;1986.00;0.37;0
5;supply_node;1004.00;11.38;1985.00;1.85;0
5;supply_node;975.00;11.30;1982.00;5.89;0
5;naval_base;956.00;10.00;2019.00;-2.36;18869
5;naval_base;1003.00;10.20;1982.00;1.11;18869
5;naval_base;970.00;10.00;2037.00;-3.46;18869
5;naval_base;1019.00;9.65;2010.00;1.57;18869
5;naval_base;1014.00;9.82;2025.00;-4.12;18869
5;naval_base;976.00;10.00;2039.00;-3.14;18869
5;naval_base;997.00;10.00;2039.00;-3.34;18869
5;naval_base;1009.00;9.90;2031.00;-3.61;18869
5;naval_base;1014.00;10.25;1994.00;1.57;18869
5;naval_base;1017.00;10.28;2001.00;1.57;18869
5;naval_base;989.00;10.00;2041.00;-3.61;18869
5;naval_base;956.00;10.00;2017.00;-2.36;18869
5;naval_base;962.00;10.05;1989.00;-0.79;18869
5;naval_base;962.00;10.00;2028.00;-2.36;18869
5;naval_base;969.00;10.20;1983.00;0.00;18869
5;naval_base;982.00;10.00;2040.00;-3.14;18869
5;naval_base;988.00;9.60;1977.00;0.46;18869
5;naval_base;1000.00;10.18;1980.00;0.32;18869
5;naval_base;1017.00;9.50;2020.00;-4.47;18869
5;naval_base;974.00;9.50;1979.00;-0.79;18869
5;naval_base;956.00;10.00;2001.00;-2.36;18869
5;naval_base;1010.00;9.73;1987.00;0.79;18869
5;naval_base;955.00;10.00;2009.00;-1.57;18869
5;naval_base;1003.00;9.73;2037.00;-3.61;18869
5;naval_base;981.00;9.93;1978.00;0.00;18869
5;naval_base;1016.00;9.75;1997.00;1.41;18869
5;bunker;1002.00;13.95;1990.00;2.68;0
5;bunker;1008.00;14.35;1999.00;3.90;0
5;bunker;989.00;18.75;2022.00;1.73;0
5;bunker;959.00;10.03;2022.00;4.40;0
5;bunker;972.00;15.00;2023.00;5.96;0
5;bunker;998.00;20.38;2006.00;2.34;0
5;bunker;981.00;16.35;1991.00;0.18;0
5;bunker;972.00;12.68;1987.00;1.39;0
5;bunker;1013.00;10.82;2024.00;4.40;0
5;bunker;968.00;11.15;2030.00;0.79;0
5;bunker;1001.00;18.15;2014.00;4.91;0
5;bunker;983.00;23.08;2011.00;0.18;0
5;bunker;1006.00;15.82;2016.00;2.85;0
5;bunker;966.00;13.78;2018.00;0.69;0
5;bunker;999.00;16.12;2024.00;1.90;0
5;bunker;992.00;23.43;2009.00;4.91;0
5;bunker;970.00;11.60;1986.00;1.29;0
5;bunker;976.00;12.00;2033.00;3.96;0
5;bunker;998.00;11.80;2034.00;0.34;0
5;bunker;1013.00;12.55;2015.00;3.36;0
5;bunker;992.00;21.98;2014.00;4.57;0
5;bunker;991.00;18.45;1994.00;2.41;0
5;bunker;980.00;12.07;1982.00;0.25;0
5;bunker;995.00;13.35;1985.00;0.35;0
5;bunker;981.00;19.98;1999.00;4.47;0
5;bunker;972.00;15.78;1996.00;0.85;0
5;bunker;978.00;19.20;2017.00;3.87;0
5;bunker;993.00;17.48;2024.00;5.08;0
5;bunker;986.00;10.00;2040.00;2.92;0
5;bunker;995.00;19.62;1999.00;5.58;0
5;bunker;967.00;10.30;2031.00;0.86;0
5;bunker;992.00;17.93;1993.00;3.52;0
5;bunker;959.00;10.68;1999.00;1.36;0
5;bunker;1006.00;14.80;2020.00;4.03;0
5;bunker;973.00;16.80;2018.00;5.59;0
5;bunker;987.00;17.25;2025.00;3.42;0
5;bunker;959.00;11.32;2011.00;4.64;0
5;bunker;1003.00;13.03;1988.00;2.48;0
5;bunker;959.00;10.88;2016.00;4.03;0
5;bunker;1003.00;14.25;2025.00;0.41;0
5;bunker;963.00;13.15;2002.00;3.08;0
5;bunker;963.00;12.30;1997.00;0.92;0
5;bunker;984.00;13.07;2033.00;1.02;0
5;bunker;961.00;10.53;1993.00;5.15;0
5;bunker;1017.00;11.03;2010.00;2.98;0
5;bunker;1005.00;16.50;2002.00;4.54;0
5;bunker;970.00;15.82;1999.00;0.92;0
5;bunker;1007.00;10.73;2031.00;3.59;0
5;bunker;973.00;18.20;2007.00;1.43;0
5;bunker;963.00;13.18;2014.00;1.53;0
5;bunker;1014.00;12.30;2007.00;5.65;0
5;bunker;973.00;10.73;1982.00;2.04;0
5;bunker;987.00;10.50;1978.00;4.70;0
5;bunker;1016.00;11.48;2007.00;6.26;0
5;bunker;997.00;17.58;1995.00;4.10;0
5;bunker;975.00;19.00;2003.00;0.48;0
5;bunker;1004.00;10.43;2034.00;3.15;0
5;bunker;1012.00;11.20;1992.00;6.16;0
5;bunker;990.00;10.00;2040.00;1.09;0
5;coastal_bunker;955.00;10.00;2006.00;-1.57;0
5;coastal_bunker;1018.00;9.62;2016.00;-4.47;0
5;coastal_bunker;970.00;10.00;2037.00;-3.46;0
5;coastal_bunker;1003.00;10.05;2036.00;-3.61;0
5;coastal_bunker;990.00;10.00;2041.00;-3.61;0
5;coastal_bunker;964.00;9.50;1986.00;0.00;0
5;coastal_bunker;979.00;10.53;1979.00;0.00;0
5;coastal_bunker;972.00;9.50;1980.00;-0.79;0
5;coastal_bunker;983.00;10.00;2041.00;-3.14;0
5;coastal_bunker;959.00;10.00;2024.00;-2.36;0
5;coastal_bunker;1018.00;10.43;2013.00;1.57;0
5;coastal_bunker;976.00;10.00;2039.00;-3.14;0
5;coastal_bunker;961.00;10.00;2028.00;-2.36;0
5;coastal_bunker;1019.00;9.65;2006.00;1.57;0
5;coastal_bunker;1006.00;9.50;1983.00;1.11;0
5;coastal_bunker;996.00;10.00;2039.00;-3.34;0
5;coastal_bunker;1013.00;9.98;2026.00;-4.12;0
5;coastal_bunker;956.00;10.03;2014.00;-2.36;0
5;coastal_bunker;1011.00;10.20;2029.00;-3.61;0
5;coastal_bunker;958.00;9.73;1994.00;-2.36;0
5;coastal_bunker;962.00;9.73;1988.00;-0.79;0
5;coastal_bunker;1010.00;10.32;1988.00;0.79;0
5;coastal_bunker;1000.00;10.18;1980.00;0.32;0
5;coastal_bunker;1015.00;9.50;1994.00;1.57;0
5;coastal_bunker;993.00;9.70;1978.00;0.46;0
5;coastal_bunker;1016.00;9.75;1997.00;1.41;0
5;dockyard;960.00;9.73;1991.00;-0.79;0
5;anti_air_building;969.00;16.48;2006.00;2.78;0
5;anti_air_building;993.00;14.95;1987.00;4.34;0
5;anti_air_building;1002.00;10.78;1982.00;2.17;0
5;synthetic_refinery;985.00;15.57;1988.00;4.84;0
5;fuel_silo;967.00;14.28;1999.00;0.12;0
5;radar_station;987.00;24.98;2009.00;3.93;0
5;rocket_site;988.00;18.20;1993.00;0.62;0
5;nuclear_reactor;987.00;16.62;2026.00;1.83;0
5;floating_harbor;956.05;9.50;1985.05;-3.93;35
5;floating_harbor;999.37;9.50;2045.86;-0.20;323
5;floating_harbor;1000.21;9.50;1972.36;-2.82;418
5;floating_harbor;951.05;9.50;2019.95;0.79;1171
5;floating_harbor;1022.90;9.50;1995.85;-1.74;1833
5;floating_harbor;957.05;9.50;2033.95;0.79;1865
5;floating_harbor;1014.95;9.50;1982.05;-2.36;2168
5;floating_harbor;977.00;9.50;2046.00;0.00;2225
5;floating_harbor;982.00;9.50;1971.00;-3.14;2423
5;floating_harbor;973.21;9.50;2042.64;-0.32;3165
5;floating_harbor;1024.79;9.50;2018.70;-1.33;5151
5;floating_harbor;994.13;9.50;1970.74;-2.68;5658
5;floating_harbor;983.00;9.50;2048.00;0.00;11645
5;floating_harbor;995.13;9.50;2046.26;-0.46;11646
5;floating_harbor;1007.13;9.50;2042.26;-0.46;11660
5;floating_harbor;1013.13;9.50;2036.26;-0.46;11675
5;floating_harbor;1020.82;9.50;2027.88;-0.98;11688
5;floating_harbor;952.05;9.50;2026.95;0.79;11689
5;floating_harbor;1026.00;9.50;2010.00;-1.57;11723
5;floating_harbor;948.00;9.50;2008.00;1.57;11729
5;floating_harbor;1025.00;9.50;2002.00;-1.57;11740
5;floating_harbor;952.05;9.50;2003.95;0.79;11754
5;floating_harbor;1021.00;9.50;1992.00;-1.57;11775
5;floating_harbor;967.00;9.50;1977.00;-3.14;11784
5;floating_harbor;1012.26;9.50;1980.87;-2.03;11793
6;arms_factory;1146.00;11.73;1834.00;5.95;0
6;arms_factory;1166.00;14.45;1778.00;2.33;0
6;arms_factory;1083.00;15.32;1789.00;3.89;0
6;arms_factory;1104.00;16.90;1813.00;1.73;0
6;arms_factory;1158.00;12.30;1823.00;4.40;0
6;arms_factory;1078.00;13.32;1802.00;0.78;0
6;industrial_complex;1161.00;15.70;1792.00;2.34;0
6;industrial_complex;1074.00;12.82;1796.00;0.18;0
6;industrial_complex;1140.00;10.38;1842.00;2.84;0
6;industrial_complex;1144.00;16.05;1754.00;5.50;0
6;industrial_complex;1120.00;18.77;1758.00;2.24;0
6;industrial_complex;1176.00;11.88;1792.00;3.45;0
6;air_base;1107.00;14.05;1827.00;1.29;0
6;supply_node;1167.00;12.98;1807.00;4.79;0
6;supply_node;1109.00;15.38;1747.00;1.09;0
6;supply_node;1154.00;16.58;1768.00;4.03;0
6;supply_node;1134.00;15.40;1823.00;5.50;0
6;supply_node;1069.00;11.57;1795.00;3.26;0
6;supply_node;1106.00;20.85;1777.00;6.20;0
6;supply_node;1085.00;15.88;1787.00;1.39;0
6;supply_node;1151.00;18.30;1783.00;5.43;0
6;supply_node;1126.00;23.18;1776.00;0.63;0
6;supply_node;1176.00;11.53;1770.00;3.57;0
6;supply_node;1120.00;16.88;1751.00;1.33;0
6;supply_node;1084.00;10.82;1742.00;2.80;0
6;supply_node;1137.00;13.05;1738.00;5.74;0
6;supply_node;1115.00;14.82;1826.00;2.04;0
6;supply_node;1095.00;18.05;1775.00;4.98;0
6;supply_node;1170.00;11.45;1813.00;1.63;0
6;supply_node;1120.00;19.52;1761.00;4.21;0
6;supply_node;1126.00;15.00;1826.00;0.87;0
6;supply_node;1159.00;14.55;1761.00;2.34;0
6;supply_node;1143.00;18.65;1803.00;0.10;0
6;supply_node;1127.00;16.43;1749.00;3.04;0
6;supply_node;1115.00;11.53;1839.00;4.52;0
6;supply_node;1121.00;24.77;1787.00;2.27;0
6;supply_node;1085.00;14.12;1809.00;3.75;0
6;supply_node;1109.00;20.18;1769.00;0.41;0
6;supply_node;1172.00;11.75;1762.00;4.45;0
6;supply_node;1168.00;13.93;1776.00;5.93;0
6;supply_node;1084.00;15.10;1797.00;2.58;0
6;supply_node;1101.00;20.00;1785.00;5.16;0
6;supply_node;1135.00;19.33;1806.00;1.82;0
6;supply_node;1124.00;10.93;1727.00;3.29;0
6;supply_node;1079.00;13.55;1803.00;1.05;0
6;supply_node;1144.00;14.35;1823.00;3.99;0
6;supply_node;1127.00;14.20;1740.00;5.47;0
6;supply_node;1100.00;13.35;1827.00;2.12;0
6;supply_node;1096.00;17.52;1801.00;4.71;0
6;supply_node;1152.00;15.12;1756.00;1.36;0
6;supply_node;1170.00;11.05;1753.00;4.29;0
6;supply_node;1090.00;12.38;1824.00;0.59;0
6;supply_node;1145.00;13.98;1745.00;3.53;0
6;supply_node;1154.00;12.55;1825.00;5.01;0
6;supply_node;1081.00;13.80;1765.00;2.76;0
6;supply_node;1135.00;15.35;1746.00;5.70;0
6;supply_node;1165.00;14.80;1786.00;0.90;0
6;supply_node;1126.00;11.20;1841.00;4.94;0
6;supply_node;1158.00;11.15;1829.00;0.13;0
6;supply_node;1131.00;20.43;1766.00;3.07;0
6;supply_node;1159.00;16.27;1780.00;0.83;0
6;supply_node;1165.00;14.25;1798.00;2.31;0
6;supply_node;1142.00;16.60;1755.00;5.24;0
6;supply_node;1094.00;11.43;1832.00;1.55;0
6;supply_node;1070.00;12.05;1785.00;4.48;0
6;supply_node;1150.00;11.75;1738.00;1.13;0
6;supply_node;1109.00;12.62;1736.00;3.71;0
6;supply_node;1136.00;11.12;1840.00;0.37;0
6;supply_node;1160.00;12.95;1752.00;1.85;0
6;supply_node;1120.00;21.60;1800.00;5.89;0
6;supply_node;1095.00;10.85;1734.00;2.54;0
6;supply_node;1151.00;16.83;1804.00;4.02;0
6;supply_node;1129.00;24.05;1786.00;1.78;0
6;supply_node;1144.00;11.05;1837.00;3.25;0
6;supply_node;1099.00;13.55;1744.00;6.19;0
6;supply_node;1087.00;13.07;1818.00;2.49;0
6;supply_node;1099.00;19.15;1793.00;5.43;0
6;supply_node;1121.00;12.70;1734.00;2.08;0
6;supply_node;1118.00;10.68;1843.00;4.67;0
6;supply_node;1108.00;10.75;1841.00;1.32;0
6;supply_node;1099.00;10.65;1838.00;2.80;0
6;supply_node;1151.00;11.07;1834.00;0.55;0
6;supply_node;1105.00;12.05;1835.00;3.49;0
6;supply_node;1130.00;12.88;1834.00;4.97;0
6;supply_node;1121.00;13.20;1833.00;2.73;0
6;supply_node;1137.00;12.95;1832.00;4.20;0
6;supply_node;1112.00;13.18;1832.00;0.86;0
6;supply_node;1087.00;10.60;1831.00;4.90;0
6;supply_node;1147.00;12.48;1830.00;0.09;0
6;supply_node;1081.00;10.73;1825.00;3.03;0
6;supply_node;1107.00;14.48;1825.00;5.62;0
6;supply_node;1164.00;11.20;1823.00;2.27;0
6;supply_node;1120.00;16.30;1821.00;5.20;0
6;supply_node;1075.00;10.53;1819.00;1.50;0
6;supply_node;1098.00;14.55;1820.00;4.44;0
6;supply_node;1168.00;11.12;1819.00;5.92;0
6;supply_node;1104.00;15.55;1819.00;3.68;0
6;supply_node;1112.00;16.35;1819.00;0.33;0
6;supply_node;1160.00;12.68;1819.00;1.81;0
6;supply_node;1127.00;16.93;1818.00;5.85;0
6;supply_node;1150.00;14.40;1819.00;1.04;0
6;supply_node;1080.00;11.95;1817.00;3.98;0
6;supply_node;1139.00;16.35;1817.00;1.74;0
6;supply_node;1072.00;10.73;1813.00;3.22;0
6;supply_node;1093.00;14.98;1814.00;6.15;0
6;supply_node;1117.00;17.95;1814.00;2.46;0
6;supply_node;1101.00;16.43;1813.00;5.39;0
6;supply_node;1108.00;17.38;1813.00;0.58;0
6;supply_node;1133.00;17.88;1813.00;4.62;0
6;supply_node;1145.00;16.55;1812.00;1.28;0
6;supply_node;1154.00;14.88;1813.00;2.76;0
6;supply_node;1163.00;13.03;1813.00;5.69;0
6;supply_node;1124.00;18.77;1811.00;2.00;0
6;supply_node;1076.00;11.95;1810.00;4.93;0
6;supply_node;1068.00;10.50;1807.00;1.58;0
6;supply_node;1114.00;19.45;1807.00;4.17;0
6;supply_node;1175.00;11.10;1808.00;0.82;0
6;supply_node;1093.00;16.08;1807.00;2.30;0
6;supply_node;1103.00;18.10;1806.00;0.06;0
6;supply_node;1159.00;14.70;1807.00;2.99;0
6;supply_node;1125.00;20.27;1805.00;4.47;0
6;supply_node;1070.00;11.35;1802.00;2.23;0
6;supply_node;1109.00;19.95;1802.00;3.71;0
6;supply_node;1172.00;12.28;1802.00;0.36;0
6;supply_node;1178.00;10.93;1800.00;4.40;0
6;supply_node;1158.00;15.82;1799.00;5.88;0
6;supply_node;1131.00;21.08;1800.00;2.53;0
6;supply_node;1138.00;20.30;1798.00;5.12;0
6;supply_node;1114.00;21.98;1796.00;1.77;0
6;supply_node;1147.00;18.83;1796.00;4.71;0
6;supply_node;1076.00;13.25;1796.00;1.01;0
6;supply_node;1105.00;20.27;1796.00;3.95;0
6;supply_node;1171.00;12.95;1795.00;5.42;0
6;supply_node;1090.00;16.80;1794.00;3.18;0
6;supply_node;1126.00;23.05;1794.00;6.11;0
6;supply_node;1153.00;17.52;1794.00;1.31;0
6;supply_node;1177.00;11.50;1794.00;5.35;0
6;supply_node;1133.00;22.30;1792.00;0.55;0
6;supply_node;1160.00;15.93;1792.00;3.48;0
6;supply_node;1065.00;10.75;1791.00;6.07;0
6;supply_node;1142.00;20.48;1791.00;2.72;0
6;supply_node;1110.00;21.95;1790.00;5.65;0
6;supply_node;1077.00;13.78;1789.00;1.95;0
6;supply_node;1172.00;13.00;1787.00;4.89;0
6;supply_node;1179.00;11.23;1787.00;0.09;0
6;supply_node;1094.00;18.20;1786.00;4.13;0
6;supply_node;1136.00;22.27;1786.00;0.79;0
6;supply_node;1156.00;17.10;1787.00;2.26;0
6;supply_node;1115.00;23.50;1786.00;0.02;0
6;supply_node;1144.00;20.10;1785.00;1.50;0
6;supply_node;1064.00;10.50;1784.00;4.44;0
6;supply_node;1108.00;21.77;1784.00;2.19;0
6;supply_node;1078.00;14.15;1782.00;3.67;0
6;supply_node;1174.00;12.53;1780.00;0.32;0
6;supply_node;1089.00;16.85;1781.00;2.91;0
6;supply_node;1118.00;23.80;1779.00;5.84;0
6;supply_node;1133.00;22.65;1779.00;2.49;0
6;supply_node;1140.00;20.90;1778.00;5.08;0
6;supply_node;1179.00;11.18;1778.00;1.73;0
6;supply_node;1066.00;11.00;1777.00;3.21;0
6;supply_node;1073.00;12.73;1776.00;0.97;0
6;supply_node;1147.00;19.05;1776.00;3.91;0
6;supply_node;1082.00;14.90;1776.00;5.38;0
6;supply_node;1088.00;16.23;1773.00;3.14;0
6;supply_node;1115.00;21.98;1773.00;4.62;0
6;supply_node;1132.00;21.65;1772.00;1.28;0
6;supply_node;1159.00;15.88;1773.00;3.86;0
6;supply_node;1101.00;19.18;1772.00;0.51;0
6;supply_node;1139.00;20.18;1771.00;3.44;0
6;supply_node;1066.00;10.75;1771.00;6.03;0
6;supply_node;1077.00;13.30;1771.00;2.68;0
6;supply_node;1122.00;21.77;1770.00;4.16;0
6;supply_node;1146.00;18.43;1769.00;1.92;0
6;supply_node;1094.00;17.08;1768.00;4.86;0
6;supply_node;1166.00;13.70;1767.00;0.05;0
6;supply_node;1070.00;11.32;1767.00;2.98;0
6;supply_node;1100.00;17.68;1764.00;5.57;0
6;supply_node;1140.00;18.65;1764.00;2.22;0
6;supply_node;1088.00;15.18;1764.00;5.16;0
6;supply_node;1113.00;19.48;1763.00;1.46;0
6;supply_node;1147.00;17.15;1762.00;4.40;0
6;supply_node;1069.00;10.55;1761.00;5.87;0
6;supply_node;1075.00;11.95;1761.00;3.63;0
6;supply_node;1106.00;18.25;1761.00;0.28;0
6;supply_node;1094.00;15.93;1760.00;1.77;0
6;supply_node;1127.00;19.02;1759.00;5.81;0
6;supply_node;1134.00;17.93;1757.00;1.00;0
6;supply_node;1082.00;13.10;1758.00;3.93;0
6;supply_node;1166.00;12.45;1757.00;1.70;0
6;supply_node;1101.00;16.35;1756.00;3.17;0
6;supply_node;1111.00;17.43;1755.00;6.11;0
6;supply_node;1072.00;10.65;1756.00;2.41;0
6;supply_node;1089.00;14.07;1755.00;5.35;0
6;supply_node;1077.00;11.18;1752.00;2.00;0
6;supply_node;1095.00;14.62;1752.00;4.58;0
6;supply_node;1084.00;12.23;1750.00;1.24;0
6;supply_node;1102.00;15.18;1750.00;2.71;0
6;supply_node;1153.00;13.30;1747.00;0.47;0
6;supply_node;1090.00;12.68;1746.00;1.95;0
6;supply_node;1165.00;11.00;1746.00;4.89;0
6;supply_node;1079.00;10.82;1746.00;2.65;0
6;supply_node;1117.00;14.82;1743.00;4.12;0
6;supply_node;1159.00;11.62;1744.00;0.77;0
6;supply_node;1091.00;11.38;1739.00;3.36;0
6;supply_node;1101.00;12.35;1738.00;0.01;0
6;supply_node;1156.00;10.90;1738.00;2.95;0
6;supply_node;1129.00;12.40;1733.00;5.53;0
6;supply_node;1143.00;11.50;1733.00;2.19;0
6;supply_node;1102.00;10.85;1731.00;3.66;0
6;supply_node;1115.00;11.70;1731.00;1.42;0
6;supply_node;1135.00;11.05;1729.00;4.36;0
6;supply_node;1109.00;10.73;1728.00;5.84;0
6;naval_base;1097.00;10.15;1839.00;-3.46;18881
6;naval_base;1122.00;10.10;1845.00;-3.14;18881
6;naval_base;1176.00;10.43;1762.00;1.33;18881
6;naval_base;1156.00;10.45;1834.00;-3.93;18881
6;naval_base;1086.00;10.45;1831.00;-2.68;18881
6;naval_base;1121.00;9.85;1726.00;0.00;18881
6;naval_base;1064.00;10.28;1796.00;-2.68;18881
6;naval_base;1108.00;10.23;1843.00;-3.14;18881
6;naval_base;1169.00;10.40;1750.00;1.57;18881
6;naval_base;1147.00;9.90;1840.00;-3.46;18881
6;naval_base;1135.00;10.43;1843.00;-3.46;18881
6;naval_base;1067.00;10.35;1806.00;-2.36;18881
6;naval_base;1167.00;10.48;1824.00;-3.93;18881
6;naval_base;1065.00;10.43;1798.00;-2.36;18881
6;naval_base;1131.00;10.23;1844.00;-3.39;18881
6;naval_base;1097.00;10.20;1732.00;-0.79;18881
6;naval_base;1177.00;10.20;1807.00;-4.25;18881
6;naval_base;1172.00;9.68;1818.00;1.57;18881
6;naval_base;1073.00;10.20;1819.00;-2.36;18881
6;naval_base;1150.00;9.50;1732.00;0.20;18881
6;naval_base;1179.00;9.82;1768.00;1.25;18881
6;naval_base;1081.00;10.23;1828.00;-2.36;18881
6;naval_base;1151.00;10.35;1837.00;-3.73;18881
6;naval_base;1182.00;9.80;1785.00;-4.39;18881
6;naval_base;1071.00;10.35;1814.00;-2.03;18881
6;naval_base;1081.00;10.05;1742.00;-0.46;18881
6;naval_base;1181.00;9.80;1795.00;-4.47;18881
6;naval_base;1172.00;10.75;1816.00;-4.25;18881
6;naval_base;1092.00;10.65;1835.00;-2.76;18881
6;naval_base;1063.00;10.30;1784.00;-1.57;18881
6;naval_base;1181.00;10.30;1778.00;1.57;18881
6;naval_base;1179.00;9.73;1804.00;-3.61;18881
6;naval_base;1063.00;10.23;1779.00;-1.57;18881
6;naval_base;1066.00;10.60;1769.00;-0.79;18881
6;naval_base;1067.00;10.35;1763.00;-2.36;18881
6;naval_base;1066.00;10.45;1803.00;-1.57;18881
6;naval_base;1071.00;9.95;1755.00;0.00;18881
6;naval_base;1076.00;10.53;1749.00;-0.98;18881
6;naval_base;1163.00;9.85;1742.00;0.79;18881
6;naval_base;1077.00;9.98;1746.00;-1.57;18881
6;naval_base;1163.00;10.38;1743.00;0.93;18881
6;naval_base;1112.00;10.10;1844.00;-2.60;18881
6;naval_base;1087.00;10.53;1738.00;-0.79;18881
6;naval_base;1162.00;9.50;1740.00;1.57;18881
6;naval_base;1145.00;10.30;1731.00;0.59;18881
6;naval_base;1101.00;9.68;1729.00;-0.46;18881
6;naval_base;1115.00;9.80;1726.00;0.20;18881
6;naval_base;1134.00;9.50;1726.00;0.79;18881
6;naval_base;1108.00;9.73;1727.00;0.79;18881
6;bunker;1152.00;14.98;1755.00;2.71;0
6;bunker;1129.00;23.52;1779.00;5.73;0
6;bunker;1168.00;10.98;1820.00;2.11;0
6;bunker;1120.00;11.38;1729.00;4.78;0
6;bunker;1091.00;15.20;1810.00;2.61;0
6;bunker;1120.00;17.62;1816.00;2.72;0
6;bunker;1137.00;17.30;1814.00;0.56;0
6;bunker;1164.00;14.05;1803.00;3.22;0
6;bunker;1142.00;11.62;1836.00;4.78;0
6;bunker;1162.00;14.15;1807.00;1.16;0
6;bunker;1149.00;9.88;1732.00;5.28;0
6;bunker;1075.00;12.55;1803.00;0.21;0
6;bunker;1068.00;11.57;1782.00;3.23;0
6;bunker;1168.00;14.10;1783.00;1.07;0
6;bunker;1149.00;9.95;1839.00;3.73;0
6;bunker;1119.00;12.45;1836.00;0.11;0
6;bunker;1125.00;24.77;1783.00;1.67;0
6;bunker;1148.00;19.20;1784.00;5.80;0
6;bunker;1177.00;9.70;1809.00;0.72;0
6;bunker;1179.00;10.78;1799.00;4.84;0
6;bunker;1086.00;12.60;1820.00;0.12;0
6;bunker;1129.00;15.70;1823.00;2.78;0
6;bunker;1130.00;22.75;1793.00;5.45;0
6;bunker;1116.00;14.20;1829.00;2.19;0
6;bunker;1098.00;19.25;1785.00;4.85;0
6;bunker;1096.00;12.55;1828.00;1.23;0
6;bunker;1165.00;12.23;1816.00;5.35;0
6;bunker;1160.00;14.55;1763.00;5.45;0
6;bunker;1148.00;18.50;1797.00;3.29;0
6;bunker;1164.00;12.15;1752.00;5.96;0
6;bunker;1075.00;10.88;1817.00;2.34;0
6;bunker;1124.00;15.80;1746.00;3.90;0
6;bunker;1140.00;18.25;1808.00;1.74;0
6;bunker;1097.00;10.20;1732.00;4.40;0
6;bunker;1146.00;15.43;1817.00;0.79;0
6;bunker;1169.00;12.65;1805.00;3.81;0
6;bunker;1110.00;14.48;1826.00;0.19;0
6;bunker;1087.00;11.75;1744.00;2.85;0
6;bunker;1157.00;15.85;1801.00;4.41;0
6;bunker;1113.00;16.23;1820.00;2.25;0
6;bunker;1141.00;13.05;1739.00;3.46;0
6;bunker;1094.00;17.98;1792.00;1.30;0
6;bunker;1167.00;11.78;1753.00;2.86;0
6;bunker;1145.00;18.05;1804.00;5.52;0
6;bunker;1171.00;12.07;1806.00;1.90;0
6;bunker;1121.00;20.98;1803.00;6.03;0
6;bunker;1080.00;10.55;1825.00;1.31;0
6;bunker;1073.00;12.78;1792.00;3.97;0
6;bunker;1091.00;14.98;1811.00;1.81;0
6;bunker;1100.00;16.10;1814.00;4.47;0
6;bunker;1109.00;21.08;1774.00;6.03;0
6;bunker;1142.00;10.28;1842.00;2.41;0
6;bunker;1111.00;12.35;1734.00;0.26;0
6;bunker;1179.00;9.82;1768.00;0.36;0
6;bunker;1108.00;15.10;1746.00;4.48;0
6;bunker;1159.00;11.90;1824.00;0.86;0
6;bunker;1123.00;14.70;1742.00;3.52;0
6;bunker;1082.00;14.30;1768.00;0.26;0
6;bunker;1151.00;17.15;1802.00;2.93;0
6;bunker;1172.00;12.88;1777.00;5.59;0
6;bunker;1078.00;13.65;1798.00;1.97;0
6;bunker;1102.00;13.85;1744.00;4.99;0
6;bunker;1125.00;19.10;1810.00;6.20;0
6;bunker;1104.00;15.75;1818.00;4.04;0
6;bunker;1096.00;13.12;1825.00;0.42;0
6;bunker;1143.00;17.05;1811.00;3.44;0
6;bunker;1144.00;12.48;1831.00;4.64;0
6;bunker;1169.00;12.55;1763.00;2.48;0
6;bunker;1108.00;19.52;1766.00;0.32;0
6;bunker;1107.00;17.30;1813.00;0.43;0
6;bunker;1135.00;20.35;1768.00;4.55;0
6;bunker;1134.00;14.00;1829.00;0.93;0
6;bunker;1138.00;15.55;1821.00;2.49;0
6;bunker;1100.00;11.25;1836.00;5.15;0
6;bunker;1142.00;14.68;1746.00;2.99;0
6;bunker;1115.00;21.85;1797.00;4.20;0
6;bunker;1132.00;12.28;1836.00;0.94;0
6;bunker;1154.00;15.55;1809.00;3.60;0
6;bunker;1112.00;10.45;1843.00;6.26;0
6;bunker;1121.00;17.55;1753.00;4.10;0
6;bunker;1097.00;18.48;1794.00;5.66;0
6;bunker;1074.00;11.93;1807.00;2.05;0
6;bunker;1100.00;18.73;1799.00;4.71;0
6;bunker;1101.00;15.00;1820.00;2.55;0
6;bunker;1104.00;18.33;1806.00;4.11;0
6;bunker;1161.00;15.55;1795.00;0.49;0
6;bunker;1103.00;19.12;1800.00;3.15;0
6;bunker;1070.00;10.95;1806.00;6.18;0
6;bunker;1132.00;23.20;1784.00;1.10;0
6;bunker;1172.00;11.43;1810.00;5.22;0
6;bunker;1110.00;12.35;1835.00;3.06;0
6;bunker;1140.00;14.05;1743.00;3.16;0
6;bunker;1072.00;11.95;1801.00;1.00;0
6;bunker;1144.00;15.85;1753.00;3.67;0
6;bunker;1171.00;12.90;1796.00;0.05;0
6;bunker;1087.00;14.70;1808.00;1.61;0
6;bunker;1095.00;17.77;1772.00;5.73;0
6;bunker;1141.00;12.62;1832.00;0.65;0
6;bunker;1138.00;20.15;1799.00;4.78;0
6;bunker;1152.00;14.05;1819.00;0.06;0
6;bunker;1089.00;16.15;1799.00;4.18;0
6;bunker;1088.00;10.38;1833.00;0.56;0
6;bunker;1154.00;16.85;1799.00;2.12;0
6;bunker;1116.00;19.60;1807.00;6.24;0
6;bunker;1107.00;12.38;1834.00;1.17;0
6;bunker;1140.00;20.90;1791.00;5.29;0
6;bunker;1110.00;11.28;1839.00;0.57;0
6;bunker;1161.00;10.75;1829.00;3.23;0
6;bunker;1128.00;16.25;1821.00;5.89;0
6;bunker;1071.00;10.55;1812.00;3.73;0
6;bunker;1105.00;19.18;1803.00;3.84;0
6;bunker;1122.00;11.00;1842.00;1.68;0
6;bunker;1115.00;10.60;1843.00;5.80;0
6;bunker;1097.00;12.25;1830.00;0.72;0
6;bunker;1128.00;11.53;1730.00;3.74;0
6;bunker;1128.00;21.02;1802.00;0.12;0
6;bunker;1158.00;12.68;1821.00;4.25;0
6;bunker;1089.00;16.88;1788.00;4.35;0
6;bunker;1121.00;15.43;1824.00;2.19;0
6;bunker;1111.00;22.45;1788.00;4.85;0
6;bunker;1117.00;19.15;1760.00;1.23;0
6;bunker;1076.00;13.43;1792.00;2.79;0
6;bunker;1082.00;11.62;1821.00;0.63;0
6;bunker;1177.00;11.50;1794.00;3.30;0
6;bunker;1156.00;17.10;1782.00;5.96;0
6;bunker;1164.00;11.43;1822.00;2.70;0
6;bunker;1125.00;19.88;1807.00;3.90;0
6;bunker;1153.00;16.88;1769.00;1.74;0
6;bunker;1170.00;13.45;1785.00;4.41;0
6;bunker;1132.00;22.02;1795.00;5.97;0
6;bunker;1063.00;10.25;1790.00;2.35;0
6;bunker;1178.00;11.48;1787.00;0.19;0
6;bunker;1092.00;17.80;1785.00;1.39;0
6;bunker;1139.00;21.33;1788.00;4.42;0
6;bunker;1158.00;16.50;1790.00;2.26;0
6;bunker;1114.00;23.18;1788.00;4.92;0
6;bunker;1146.00;19.62;1783.00;0.19;0
6;bunker;1064.00;10.50;1782.00;2.86;0
6;bunker;1106.00;21.30;1786.00;0.70;0
6;bunker;1077.00;13.80;1783.00;1.91;0
6;bunker;1177.00;11.70;1781.00;4.93;0
6;bunker;1090.00;17.08;1780.00;1.31;0
6;bunker;1115.00;23.25;1780.00;3.97;0
6;bunker;1130.00;23.55;1781.00;0.35;0
6;bunker;1139.00;21.40;1783.00;3.37;0
6;bunker;1178.00;11.40;1779.00;6.04;0
6;bunker;1067.00;11.32;1780.00;2.42;0
6;bunker;1071.00;11.98;1773.00;0.26;0
6;bunker;1147.00;18.85;1774.00;0.36;0
6;bunker;1080.00;14.35;1774.00;4.48;0
6;bunker;1087.00;15.80;1771.00;0.86;0
6;bunker;1115.00;22.55;1776.00;3.88;0
6;bunker;1131.00;21.75;1772.00;5.09;0
6;bunker;1160.00;15.68;1773.00;2.93;0
6;bunker;1100.00;18.65;1770.00;5.59;0
6;bunker;1142.00;19.18;1768.00;0.87;0
6;bunker;1064.00;10.28;1774.00;4.99;0
6;bunker;1075.00;12.73;1769.00;1.38;0
6;bunker;1120.00;23.00;1775.00;4.04;0
6;bunker;1144.00;19.35;1773.00;5.60;0
6;bunker;1093.00;17.12;1770.00;3.44;0
6;bunker;1166.00;14.05;1771.00;4.64;0
6;bunker;1074.00;12.35;1767.00;2.48;0
6;bunker;1101.00;18.27;1766.00;4.05;0
6;bunker;1137.00;18.95;1763.00;0.43;0
6;bunker;1087.00;15.55;1768.00;3.09;0
6;bunker;1116.00;18.85;1759.00;6.11;0
6;bunker;1150.00;16.83;1764.00;3.95;0
6;bunker;1070.00;11.03;1764.00;5.16;0
6;bunker;1075.00;11.78;1759.00;3.00;0
6;bunker;1104.00;17.88;1761.00;4.56;0
6;bunker;1097.00;16.27;1759.00;0.94;0
6;bunker;1127.00;18.70;1758.00;3.60;0
6;bunker;1134.00;18.55;1759.00;1.44;0
6;bunker;1083.00;13.75;1761.00;1.55;0
6;bunker;1165.00;13.25;1761.00;5.67;0
6;bunker;1099.00;15.55;1753.00;2.05;0
6;bunker;1111.00;17.43;1755.00;4.71;0
6;bunker;1070.00;10.43;1758.00;1.45;0
6;bunker;1091.00;13.90;1752.00;4.11;0
6;bunker;1079.00;11.35;1750.00;0.50;0
6;bunker;1095.00;15.32;1756.00;2.05;0
6;bunker;1083.00;11.93;1749.00;6.18;0
6;bunker;1101.00;15.05;1750.00;1.10;0
6;bunker;1155.00;12.00;1742.00;5.22;0
6;bunker;1094.00;13.55;1747.00;0.50;0
6;bunker;1166.00;9.82;1745.00;4.62;0
6;bunker;1077.00;9.98;1746.00;5.83;0
6;bunker;1118.00;13.85;1739.00;3.67;0
6;bunker;1160.00;11.48;1744.00;0.40;0
6;bunker;1087.00;10.78;1739.00;1.61;0
6;bunker;1105.00;13.43;1740.00;5.73;0
6;bunker;1158.00;11.28;1741.00;2.12;0
6;bunker;1128.00;12.62;1734.00;3.68;0
6;bunker;1146.00;12.03;1737.00;0.06;0
6;bunker;1099.00;10.55;1731.00;4.18;0
6;bunker;1118.00;11.12;1728.00;4.28;0
6;bunker;1135.00;9.82;1727.00;2.12;0
6;bunker;1109.00;11.35;1731.00;4.79;0
6;coastal_bunker;1175.00;10.62;1812.00;-4.25;0
6;coastal_bunker;1143.00;10.38;1841.00;-3.46;0
6;coastal_bunker;1152.00;10.50;1836.00;-3.73;0
6;coastal_bunker;1157.00;10.45;1833.00;-3.93;0
6;coastal_bunker;1066.00;10.45;1803.00;-1.57;0
6;coastal_bunker;1097.00;10.15;1839.00;-3.46;0
6;coastal_bunker;1075.00;10.15;1822.00;-2.36;0
6;coastal_bunker;1077.00;10.05;1824.00;-2.36;0
6;coastal_bunker;1171.00;9.85;1752.00;1.57;0
6;coastal_bunker;1064.00;10.18;1797.00;-2.68;0
6;coastal_bunker;1094.00;10.25;1837.00;-2.76;0
6;coastal_bunker;1105.00;10.35;1842.00;-3.14;0
6;coastal_bunker;1132.00;10.18;1844.00;-3.46;0
6;coastal_bunker;1086.00;10.05;1738.00;-0.46;0
6;coastal_bunker;1089.00;10.15;1835.00;-2.68;0
6;coastal_bunker;1182.00;9.73;1792.00;-4.39;0
6;coastal_bunker;1067.00;10.35;1806.00;-2.36;0
6;coastal_bunker;1179.00;9.78;1803.00;-3.61;0
6;coastal_bunker;1176.00;10.43;1762.00;1.33;0
6;coastal_bunker;1071.00;10.20;1815.00;-2.03;0
6;coastal_bunker;1065.00;10.28;1800.00;-2.36;0
6;coastal_bunker;1122.00;10.10;1845.00;-3.14;0
6;coastal_bunker;1120.00;9.85;1726.00;0.00;0
6;coastal_bunker;1174.00;10.12;1815.00;-4.25;0
6;coastal_bunker;1127.00;10.10;1845.00;-3.39;0
6;coastal_bunker;1181.00;9.80;1796.00;-4.47;0
6;coastal_bunker;1163.00;10.55;1828.00;-3.93;0
6;coastal_bunker;1171.00;10.10;1819.00;1.57;0
6;coastal_bunker;1152.00;9.50;1733.00;0.20;0
6;coastal_bunker;1094.00;9.68;1732.00;-0.79;0
6;coastal_bunker;1112.00;10.10;1844.00;-2.60;0
6;coastal_bunker;1063.00;10.30;1787.00;-1.57;0
6;coastal_bunker;1181.00;9.80;1775.00;1.57;0
6;coastal_bunker;1177.00;10.38;1765.00;1.25;0
6;coastal_bunker;1063.00;9.90;1778.00;-1.57;0
6;coastal_bunker;1065.00;10.55;1773.00;-0.79;0
6;coastal_bunker;1068.00;9.98;1760.00;-2.36;0
6;coastal_bunker;1070.00;10.43;1758.00;0.00;0
6;coastal_bunker;1075.00;10.05;1749.00;-0.98;0
6;coastal_bunker;1166.00;9.82;1745.00;0.79;0
6;coastal_bunker;1077.00;9.98;1746.00;-1.57;0
6;coastal_bunker;1163.00;9.50;1741.00;0.93;0
6;coastal_bunker;1089.00;10.10;1736.00;-0.79;0
6;coastal_bunker;1160.00;9.82;1739.00;1.57;0
6;coastal_bunker;1142.00;9.80;1729.00;0.59;0
6;coastal_bunker;1100.00;10.10;1730.00;-0.46;0
6;coastal_bunker;1115.00;9.80;1726.00;0.20;0
6;coastal_bunker;1137.00;10.32;1728.00;0.79;0
6;coastal_bunker;1107.00;10.60;1728.00;0.79;0
6;dockyard;1182.00;9.80;1784.00;-4.39;0
6;anti_air_building;1116.00;15.10;1825.00;4.49;0
6;anti_air_building;1176.00;11.57;1798.00;0.87;0
6;anti_air_building;1084.00;10.28;1830.00;3.54;0
6;synthetic_refinery;1108.00;10.75;1841.00;1.38;0
6;fuel_silo;1157.00;14.45;1758.00;2.93;0
6;radar_station;1118.00;23.98;1780.00;0.26;0
6;rocket_site;1123.00;18.30;1813.00;3.44;0
6;nuclear_reactor;1081.00;14.25;1770.00;6.11;0
6;floating_harbor;1060.05;9.50;1803.95;0.79;610
6;floating_harbor;1185.64;9.50;1766.79;-1.89;1240
6;floating_harbor;1079.87;9.50;1733.74;-3.61;1508
6;floating_harbor;1180.26;9.50;1818.13;-1.11;1747
6;floating_harbor;1108.40;9.50;1850.00;0.54;2000
6;floating_harbor;1182.79;9.50;1759.30;-1.82;2567
6;floating_harbor;1124.00;9.50;1719.00;-3.14;2822
6;floating_harbor;1179.00;9.50;1753.00;-1.57;3682
6;floating_harbor;1128.70;9.50;1851.79;-0.24;4252
6;floating_harbor;1164.95;9.50;1835.95;-0.79;4294
6;floating_harbor;1089.40;9.50;1843.50;0.38;5102
6;floating_harbor;1152.37;9.50;1726.14;-2.94;5134
6;floating_harbor;1139.21;9.50;1849.64;-0.32;5412
6;floating_harbor;1089.05;9.50;1728.05;-3.93;5606
6;floating_harbor;1147.21;9.50;1846.64;-0.32;5875
6;floating_harbor;1118.00;9.50;1852.00;0.00;12294
6;floating_harbor;1108.00;9.50;1850.00;0.00;12305
6;floating_harbor;1102.21;9.50;1847.64;-0.32;12319
6;floating_harbor;1156.88;9.50;1842.82;-0.59;12335
6;floating_harbor;1082.87;9.50;1839.26;0.46;12369
6;floating_harbor;1074.05;9.50;1831.95;0.79;12393
6;floating_harbor;1170.95;9.50;1829.95;-0.79;12400
6;floating_harbor;1069.05;9.50;1824.95;0.79;12424
6;floating_harbor;1178.00;9.50;1819.00;-1.57;12426
6;floating_harbor;1063.74;9.50;1817.13;1.11;12455
6;floating_harbor;1062.05;9.50;1812.95;0.79;12487
6;floating_harbor;1183.26;9.50;1812.13;-1.11;12489
6;floating_harbor;1059.00;9.50;1802.00;1.57;12519
6;floating_harbor;1182.13;9.50;1808.26;-0.46;12524
6;floating_harbor;1187.79;9.50;1796.70;-1.33;12557
6;floating_harbor;1060.87;9.50;1799.26;0.46;12566
6;floating_harbor;1188.64;9.50;1790.21;-1.25;12580
6;floating_harbor;1056.00;9.50;1784.00;1.57;12601
6;floating_harbor;1189.00;9.50;1778.00;-1.57;12628
6;floating_harbor;1057.00;9.50;1777.00;1.57;12630
6;floating_harbor;1060.05;9.50;1765.05;-3.93;12670
6;floating_harbor;1063.05;9.50;1766.95;0.79;12716
6;floating_harbor;1072.00;9.50;1747.00;-3.14;12753
6;floating_harbor;1068.18;9.50;1746.12;-4.12;12767
6;floating_harbor;1170.95;9.50;1740.05;-2.36;12803
6;floating_harbor;1070.00;9.50;1746.00;1.57;12811
6;floating_harbor;1168.60;9.50;1736.80;-2.21;12814
6;floating_harbor;1083.05;9.50;1731.05;-3.93;12829
6;floating_harbor;1165.00;9.50;1738.00;-1.57;12842
6;floating_harbor;1148.88;9.50;1724.18;-2.55;12855
6;floating_harbor;1097.87;9.50;1722.74;-3.61;12866
6;floating_harbor;1117.37;9.50;1719.14;-2.94;12867
6;floating_harbor;1141.95;9.50;1722.05;-2.36;12869
7;arms_factory;1133.00;12.20;1894.00;3.89;0
7;arms_factory;1174.00;16.38;1908.00;1.73;0
7;arms_factory;1185.00;13.03;1892.00;4.40;0
7;arms_factory;1177.00;13.12;1877.00;0.78;0
7;arms_factory;1141.00;15.85;1891.00;2.34;0
7;arms_factory;1153.00;11.93;1922.00;0.18;0
7;industrial_complex;1186.00;12.73;1897.00;2.84;0
7;industrial_complex;1175.00;9.93;1869.00;5.50;0
7;industrial_complex;1154.00;18.73;1908.00;2.24;0
7;industrial_complex;1152.00;10.00;1927.00;3.45;0
7;industrial_complex;1160.00;24.73;1897.00;1.29;0
7;industrial_complex;1182.00;11.43;1877.00;2.85;0
7;air_base;1158.00;18.83;1882.00;5.51;0
7;supply_node;1152.00;15.03;1915.00;4.03;0
7;supply_node;1175.00;13.62;1876.00;5.50;0
7;supply_node;1186.00;12.05;1887.00;3.26;0
7;supply_node;1146.00;17.90;1902.00;6.20;0
7;supply_node;1142.00;10.98;1919.00;1.39;0
7;supply_node;1166.00;16.45;1878.00;5.43;0
7;supply_node;1162.00;11.48;1924.00;0.63;0
7;supply_node;1159.00;14.78;1874.00;3.57;0
7;supply_node;1157.00;20.23;1885.00;1.33;0
7;supply_node;1153.00;19.02;1907.00;2.80;0
7;supply_node;1151.00;13.18;1872.00;5.74;0
7;supply_node;1152.00;21.65;1896.00;2.04;0
7;supply_node;1169.00;11.65;1869.00;4.98;0
7;supply_node;1143.00;16.90;1891.00;1.63;0
7;supply_node;1132.00;11.85;1896.00;4.21;0
7;supply_node;1163.00;22.15;1889.00;0.87;0
7;supply_node;1160.00;20.05;1907.00;2.34;0
7;supply_node;1167.00;16.83;1912.00;0.10;0
7;supply_node;1181.00;12.78;1911.00;3.04;0
7;supply_node;1137.00;13.20;1886.00;4.52;0
7;supply_node;1178.00;11.30;1918.00;2.27;0
7;supply_node;1155.00;10.43;1926.00;3.75;0
7;supply_node;1147.00;10.45;1923.00;0.41;0
7;supply_node;1169.00;10.78;1924.00;4.45;0
7;supply_node;1155.00;13.35;1920.00;5.93;0
7;supply_node;1170.00;12.98;1919.00;2.58;0
7;supply_node;1162.00;14.90;1917.00;5.16;0
7;supply_node;1135.00;10.00;1915.00;1.82;0
7;supply_node;1145.00;14.70;1912.00;3.29;0
7;supply_node;1173.00;15.28;1912.00;1.05;0
7;supply_node;1132.00;10.25;1909.00;3.99;0
7;supply_node;1139.00;12.98;1910.00;5.47;0
7;supply_node;1187.00;11.23;1907.00;2.12;0
7;supply_node;1168.00;19.88;1904.00;4.71;0
7;supply_node;1133.00;11.60;1904.00;1.36;0
7;supply_node;1175.00;17.20;1904.00;4.29;0
7;supply_node;1181.00;14.65;1903.00;0.59;0
7;supply_node;1188.00;11.43;1901.00;3.53;0
7;supply_node;1140.00;15.53;1899.00;5.01;0
7;supply_node;1159.00;24.23;1898.00;2.76;0
7;supply_node;1166.00;22.50;1897.00;5.70;0
7;supply_node;1172.00;19.52;1897.00;0.90;0
7;supply_node;1179.00;16.15;1896.00;4.94;0
7;supply_node;1186.00;12.75;1895.00;0.13;0
7;supply_node;1129.00;10.10;1892.00;3.07;0
7;supply_node;1171.00;19.43;1890.00;0.83;0
7;supply_node;1178.00;16.23;1890.00;2.31;0
7;supply_node;1150.00;19.95;1890.00;5.24;0
7;supply_node;1131.00;10.48;1885.00;1.55;0
7;supply_node;1144.00;15.35;1882.00;4.48;0
7;supply_node;1171.00;17.33;1883.00;1.13;0
7;supply_node;1179.00;14.03;1882.00;3.71;0
7;supply_node;1150.00;15.98;1879.00;0.37;0
7;supply_node;1184.00;11.07;1879.00;1.85;0
7;supply_node;1134.00;10.30;1879.00;5.89;0
7;supply_node;1139.00;11.60;1876.00;2.54;0
7;supply_node;1180.00;11.00;1874.00;4.02;0
7;supply_node;1144.00;11.57;1872.00;1.78;0
7;supply_node;1175.00;11.12;1870.00;3.25;0
7;supply_node;1156.00;10.82;1866.00;6.19;0
7;supply_node;1149.00;10.30;1867.00;2.49;0
7;supply_node;1163.00;10.85;1866.00;5.43;0
7;naval_base;1173.00;9.75;1868.00;0.46;18950
7;naval_base;1131.00;10.07;1882.00;-1.57;18950
7;naval_base;1136.00;10.00;1917.00;-2.36;18950
7;naval_base;1148.00;9.50;1866.00;0.00;18950
7;naval_base;1127.00;10.00;1898.00;-2.25;18950
7;naval_base;1158.00;9.57;1864.00;0.00;18950
7;naval_base;1146.00;10.00;1926.00;-3.14;18950
7;naval_base;1177.00;9.50;1869.00;0.79;18950
7;naval_base;1188.00;9.60;1910.00;-3.61;18950
7;naval_base;1191.00;9.50;1892.00;-4.39;18950
7;naval_base;1189.00;10.03;1905.00;1.57;18950
7;naval_base;1140.00;9.73;1870.00;-0.24;18950
7;naval_base;1164.00;10.12;1927.00;-3.39;18950
7;naval_base;1177.00;10.03;1922.00;-3.93;18950
7;naval_base;1186.00;9.73;1879.00;1.57;18950
7;naval_base;1151.00;10.00;1927.00;-3.14;18950
7;naval_base;1179.00;10.28;1872.00;1.11;18950
7;naval_base;1131.00;10.03;1909.00;-2.03;18950
7;naval_base;1129.00;10.00;1906.00;-1.82;18950
7;naval_base;1134.00;10.03;1877.00;-0.79;18950
7;naval_base;1191.00;9.65;1896.00;1.57;18950
7;naval_base;1128.00;10.00;1891.00;-2.03;18950
7;naval_base;1138.00;10.00;1920.00;-2.55;18950
7;naval_base;1171.00;10.00;1926.00;-3.93;18950
7;naval_base;1164.00;9.73;1865.00;0.79;18950
7;naval_base;1141.00;10.05;1870.00;-0.32;18950
7;naval_base;1186.00;10.43;1912.00;-4.17;18950
7;bunker;1151.00;19.90;1888.00;4.40;0
7;bunker;1179.00;16.15;1895.00;0.79;0
7;bunker;1157.00;12.30;1922.00;4.91;0
7;bunker;1161.00;10.50;1865.00;0.18;0
7;bunker;1146.00;17.20;1886.00;2.85;0
7;bunker;1131.00;10.53;1906.00;0.69;0
7;bunker;1135.00;12.85;1890.00;1.90;0
7;bunker;1179.00;12.50;1877.00;4.91;0
7;bunker;1165.00;16.08;1914.00;1.29;0
7;bunker;1159.00;15.75;1915.00;3.96;0
7;bunker;1147.00;14.43;1877.00;0.34;0
7;bunker;1169.00;13.90;1874.00;3.36;0
7;bunker;1161.00;18.85;1882.00;4.57;0
7;bunker;1139.00;15.10;1892.00;2.41;0
7;bunker;1143.00;16.73;1901.00;0.25;0
7;bunker;1158.00;23.20;1891.00;0.35;0
7;bunker;1155.00;18.30;1909.00;4.47;0
7;bunker;1132.00;10.32;1882.00;0.85;0
7;bunker;1135.00;10.48;1913.00;3.87;0
7;bunker;1157.00;24.18;1896.00;5.08;0
7;bunker;1145.00;11.10;1870.00;2.92;0
7;bunker;1176.00;11.15;1871.00;5.58;0
7;bunker;1158.00;15.70;1915.00;0.86;0
7;bunker;1188.00;11.70;1896.00;3.52;0
7;bunker;1161.00;17.90;1911.00;1.36;0
7;bunker;1170.00;17.62;1883.00;4.03;0
7;bunker;1156.00;11.25;1867.00;5.59;0
7;bunker;1168.00;19.52;1905.00;3.42;0
7;bunker;1151.00;13.18;1872.00;4.64;0
7;bunker;1162.00;16.05;1876.00;2.48;0
7;bunker;1134.00;12.70;1896.00;4.03;0
7;bunker;1184.00;9.50;1876.00;0.41;0
7;bunker;1143.00;10.95;1920.00;3.08;0
7;bunker;1146.00;18.48;1899.00;0.92;0
7;bunker;1151.00;21.25;1895.00;1.02;0
7;bunker;1152.00;10.18;1926.00;5.15;0
7;bunker;1181.00;14.28;1886.00;2.98;0
7;bunker;1139.00;11.75;1914.00;4.54;0
7;bunker;1179.00;15.30;1904.00;0.92;0
7;bunker;1179.00;9.82;1921.00;3.59;0
7;bunker;1131.00;10.00;1912.00;1.43;0
7;bunker;1177.00;16.98;1894.00;1.53;0
7;bunker;1170.00;13.38;1918.00;5.65;0
7;bunker;1166.00;22.58;1896.00;2.04;0
7;bunker;1191.00;9.62;1899.00;4.70;0
7;bunker;1172.00;18.90;1889.00;6.26;0
7;bunker;1160.00;11.90;1923.00;4.10;0
7;bunker;1132.00;10.55;1883.00;0.48;0
7;bunker;1176.00;14.55;1911.00;3.15;0
7;bunker;1188.00;10.40;1885.00;6.16;0
7;bunker;1173.00;10.15;1924.00;1.09;0
7;bunker;1141.00;13.30;1880.00;5.22;0
7;bunker;1148.00;14.07;1915.00;0.49;0
7;bunker;1187.00;11.38;1906.00;4.61;0
7;bunker;1181.00;13.60;1908.00;5.82;0
7;bunker;1167.00;12.65;1870.00;3.66;0
7;bunker;1153.00;10.65;1925.00;5.22;0
7;bunker;1177.00;15.40;1907.00;1.60;0
7;bunker;1127.00;10.00;1894.00;5.72;0
7;bunker;1170.00;20.45;1895.00;2.10;0
7;bunker;1181.00;11.60;1876.00;3.66;0
7;bunker;1152.00;11.25;1868.00;0.04;0
7;coastal_bunker;1173.00;10.00;1925.00;-3.93;0
7;coastal_bunker;1184.00;10.20;1877.00;1.57;0
7;coastal_bunker;1167.00;9.50;1865.00;0.79;0
7;coastal_bunker;1135.00;9.50;1875.00;-0.79;0
7;coastal_bunker;1128.00;10.00;1900.00;-2.25;0
7;coastal_bunker;1128.00;10.00;1903.00;-1.82;0
7;coastal_bunker;1190.00;10.15;1892.00;-4.39;0
7;coastal_bunker;1179.00;10.28;1872.00;1.11;0
7;coastal_bunker;1176.00;9.75;1869.00;0.79;0
7;coastal_bunker;1129.00;10.00;1888.00;-1.57;0
7;coastal_bunker;1131.00;10.00;1910.00;-2.03;0
7;coastal_bunker;1154.00;10.05;1927.00;-3.14;0
7;coastal_bunker;1170.00;9.50;1866.00;0.46;0
7;coastal_bunker;1127.00;10.00;1896.00;-2.03;0
7;coastal_bunker;1190.00;10.07;1901.00;1.57;0
7;coastal_bunker;1144.00;9.50;1868.00;-0.32;0
7;coastal_bunker;1132.00;10.00;1914.00;-2.36;0
7;coastal_bunker;1157.00;9.55;1864.00;0.00;0
7;coastal_bunker;1138.00;10.00;1920.00;-2.55;0
7;coastal_bunker;1186.00;10.43;1912.00;-4.17;0
7;coastal_bunker;1182.00;10.38;1917.00;-3.93;0
7;coastal_bunker;1138.00;10.38;1874.00;-0.24;0
7;coastal_bunker;1146.00;10.20;1868.00;0.00;0
7;coastal_bunker;1145.00;10.00;1925.00;-3.14;0
7;coastal_bunker;1188.00;9.60;1910.00;-3.61;0
7;coastal_bunker;1160.00;10.00;1928.00;-3.39;0
7;coastal_bunker;1191.00;9.65;1896.00;1.57;0
7;dockyard;1157.00;10.00;1928.00;-3.14;0
7;anti_air_building;1176.00;11.62;1919.00;3.29;0
7;anti_air_building;1142.00;16.12;1901.00;1.13;0
7;anti_air_building;1147.00;14.43;1877.00;2.34;0
7;synthetic_refinery;1157.00;16.00;1876.00;0.18;0
7;fuel_silo;1163.00;17.77;1911.00;1.74;0
7;radar_station;1157.00;13.57;1920.00;4.89;0
7;rocket_site;1153.00;17.45;1881.00;0.79;0
7;nuclear_reactor;1144.00;11.32;1920.00;4.91;0
7;floating_harbor;1195.64;9.50;1890.21;-1.25;914
7;floating_harbor;1136.12;9.50;1927.82;0.59;1081
7;floating_harbor;1164.70;9.50;1934.79;-0.24;2866
7;floating_harbor;1173.13;9.50;1860.74;-2.68;4264
7;floating_harbor;1121.53;9.50;1904.37;0.90;4846
7;floating_harbor;1192.00;9.50;1917.60;-1.03;5909
7;floating_harbor;1184.95;9.50;1924.95;-0.79;6036
7;floating_harbor;1155.00;9.50;1935.00;0.00;11963
7;floating_harbor;1147.00;9.50;1933.00;0.00;11968
7;floating_harbor;1175.95;9.50;1930.95;-0.79;11969
7;floating_harbor;1129.05;9.50;1920.95;0.79;12008
7;floating_harbor;1123.74;9.50;1913.13;1.11;12036
7;floating_harbor;1191.13;9.50;1915.26;-0.46;12044
7;floating_harbor;1122.21;9.50;1906.70;1.33;12059
7;floating_harbor;1197.00;9.50;1901.00;-1.57;12071
7;floating_harbor;1198.00;9.50;1895.00;-1.57;12093
7;floating_harbor;1120.74;9.50;1896.13;1.11;12103
7;floating_harbor;1122.00;9.50;1885.00;1.57;12120
7;floating_harbor;1193.00;9.50;1879.00;-1.57;12141
7;floating_harbor;1128.05;9.50;1873.05;-3.93;12144
7;floating_harbor;1136.30;9.50;1865.21;-3.39;12147
7;floating_harbor;1188.26;9.50;1869.87;-2.03;12163
7;floating_harbor;1140.79;9.50;1862.36;-3.46;12166
7;floating_harbor;1180.95;9.50;1864.05;-2.36;12177
7;floating_harbor;1156.00;9.50;1857.00;-3.14;12192
7;floating_harbor;1149.00;9.50;1859.00;-3.14;12194