1 9 12384 1587 4995 5286 12505 12536 12564 12540 4836 
1 3 4836 1188 12535 
1 2 12535 12543 
1 2 12543 12537 
1 3 12543 12562 3417 
1 3 3417 4265 2921 
1 6 2921 936 12680 5660 12633 5602 
1 6 12537 12532 299 12510 12514 1063 
1 9 12537 12532 299 12492 12474 839 722 5458 5666 
1 9 2921 3512 4927 12626 2862 12632 12678 2854 12758 
1 8 6132 12686 4889 5737 4961 12565 3759 12528 
1 8 12309 12288 3838 12351 5830 12313 12340 12312 
1 7 12288 5349 12252 12247 12240 12239 12251 
1 8 12492 12499 1590 12423 4143 5969 4673 12384 
1 4 12537 2416 1346 2921 
1 11 12334 12375 12342 12381 4714 12416 12389 12397 12367 12326 3427 
1 5 12342 12310 1088 4405 12191 
1 5 1088 2982 12219 12242 12277 
1 7 12191 12157 12143 2459 12134 5949 1544 
1 3 12754 12723 12681 
1 4 12723 12745 300 12812 
1 3 12812 1467 12728 
1 3 12728 12731 5058 
1 3 5058 12709 12673 
1 4 12728 12672 12621 2241 
1 4 12621 12602 2672 12586 
1 5 12586 683 12609 12636 12630 
1 5 683 2617 2952 12475 12455 
1 5 12455 12424 12393 12369 5102 
1 5 5102 12319 12344 12363 12352 
1 3 12352 12347 5412 
1 8 12347 534 12462 2816 12533 12560 12555 2241 
1 5 12560 12591 12627 12637 12673 
1 7 12637 806 12592 12561 4245 2572 1240 
1 6 5058 3900 12855 12869 2822 12867 
1 2 12867 12812 
1 3 3900 5134 12842 
1 10 13018 1310 13071 13085 13097 13115 46 2801 13125 13118 
1 2 13018 1669 
1 7 1669 12980 12970 12963 12964 12971 12981 
1 6 12981 1693 4217 13046 5386 13085 
1 7 13046 13064 13061 13076 13098 1823 13118 
1 10 12724 12755 5500 12766 12786 12804 12837 632 12877 5601 
1 2 12309 12333 
1 11 4892 6132 12744 1469 5934 4658 12794 3095 12759 12752 2854 
1 8 12565 433 12483 12434 12403 12374 12341 12309 
1 6 13067 1621 13123 1308 13164 13160 
1 4 13164 13177 13190 13207 
1 6 1621 2322 13144 4347 13172 13181 
1 4 13144 13116 13128 13117 
1 7 13326 13295 13269 13252 13247 947 5895 
1 11 13252 758 1154 5633 4781 5932 13524 13569 13572 13616 686 
1 7 4781 13474 13454 13414 13439 13480 13518 
1 9 4937 13110 946 13139 13158 13162 13150 4200 13124 
1 11 13124 13103 2004 13079 13072 13052 13032 13011 12992 12969 12946 
1 10 12946 12947 12951 12967 12979 2716 2874 13055 13070 13103 
1 5 13011 13024 13012 13002 12979 
1 3 12151 12129 1667 
1 3 12151 3617 12125 
1 3 12125 298 12097 
1 3 12097 12083 4396 
1 3 12097 12070 12035 
1 3 4396 12074 12048 
1 3 12048 12043 12012 
1 4 12012 11999 4909 11961 
1 3 11956 11938 11962 
1 3 11962 1562 12035 
1 2 11961 11946 
1 6 11519 11533 11509 11496 11473 11442 
1 3 11519 11520 5583 
1 10 5583 11460 11434 3341 11358 11330 1931 11364 11399 11405 
1 3 11533 11558 11583 
1 4 11330 5562 10 3713 
1 3 10 11220 11206 
1 6 11206 3922 2853 11174 5533 11120 
1 7 11174 3175 11211 11195 11191 4841 11147 
1 5 11147 3088 11156 79 223 
1 10 223 11233 4020 11290 11282 432 11363 2661 11433 11479 
1 4 11363 1506 2025 11428 
1 3 11775 1833 11755 
1 8 1833 11730 11723 5151 11688 11675 11660 323 
1 4 323 11662 2225 3165 
1 5 11662 11677 3276 913 11710 
1 6 3165 1865 11689 1171 11729 11738 
1 3 11710 5187 11738 
1 5 11738 11754 35 11784 11798 
1 6 11901 11881 11863 11846 11827 1122 
1 4 11901 11889 11866 11833 
1 5 11901 11915 1388 4493 11939 
1 2 4493 11916 
1 3 11901 11919 11948 
1 5 11901 11912 11906 5315 11911 
1 7 11489 3171 3588 11597 11623 3333 11672 
1 13 11489 11463 11430 11406 11382 630 11359 11339 1516 11271 11267 11231 243 
1 7 2704 11592 11572 11545 11516 3564 11489 
1 6 11663 11641 11637 11621 3581 11597 
1 9 3495 11465 2509 11441 911 11398 3389 11375 11359 
1 3 2843 11307 1516 
1 9 3324 3302 4264 12177 12163 12141 914 12093 12063 
1 4 3324 3302 3837 12194 
1 6 3324 12080 5878 639 11993 11963 
1 3 13091 1943 13136 
1 3 13136 13135 13134 
1 5 13136 13140 180 13175 13185 
1 7 13185 13205 1312 13235 1089 5805 13189 
1 2 1089 2370 
1 4 5805 2037 3707 13163 
1 3 13205 13229 4176 
1 3 1091 13254 13282 
1 6 13282 13308 13348 13389 13396 2353 
1 3 2353 13469 13455 
1 3 2353 13532 13594 
1 6 13882 13907 13930 13923 1402 13863 
1 5 13923 13957 13995 1231 14086 
1 3 2346 14321 14367 
1 3 14321 14336 14339 
1 3 14339 14385 14415 
1 3 14367 3515 14407 
1 3 14385 14377 14380 
1 5 14380 5656 14433 6263 14467 
1 9 13456 13407 467 13360 13338 122 13242 13225 3805 
1 9 5291 13286 13265 13285 122 13284 13320 1959 1754 
1 5 13338 13383 5010 3826 13519 
1 3 4535 13709 13714 
1 10 4535 13769 1625 13861 2340 13935 13982 14029 14055 14091 
1 19 4155 13240 13221 13206 13195 13186 5390 13184 13183 3737 218 13220 4102 13239 13263 13293 13323 13366 13411 
1 3 3737 13204 3667 
1 17 13411 5729 13547 13599 13640 13665 158 13723 13761 13766 13811 2089 13788 4282 13812 13801 13795 
1 6 13496 1482 4333 13656 13686 13723 
1 3 4333 13621 13603 
1 6 5680 13708 627 13622 13581 13535 
1 5 13535 13568 2993 13530 13548 
1 5 13530 13459 5582 13332 13297 
1 5 13297 13268 2916 13246 13240 
1 7 13297 4285 13280 2505 13264 161 1441 
1 6 1441 1723 13352 13395 13442 13462 
1 8 13442 13463 13413 13373 716 13400 4239 5872 
1 13 4155 13300 13333 13374 13444 13490 844 13607 13644 13695 13734 13725 13758 
1 3 13758 13748 13795 
1 6 3314 6209 13647 13673 3156 13758 
1 3 3999 13359 13333 
1 3 14112 14095 14066 
1 8 14129 14090 1026 5609 14067 2609 14099 1347 
1 6 5609 14098 14134 4800 3514 14238 
1 6 14238 14277 270 14364 14384 14406 
1 3 14364 14348 14343 
1 3 14406 14430 3200 
1 5 14066 14035 6092 13968 13929 
1 3 6092 14045 14090 
1 4 14512 317 14515 1597 
1 5 1597 14528 14544 2607 1020 
1 4 1020 1291 14579 3880 
1 7 3880 14612 14624 14644 14659 217 14662 
1 6 1638 3527 14616 2041 3043 14662 
1 4 14662 1357 14710 14709 
1 4 4093 14739 14724 14710 
1 7 14758 14747 14725 1826 14687 14675 14659 
1 5 14675 2613 5853 14697 4885 
1 5 5253 14736 14723 1022 4885 
1 10 5253 1241 14737 14721 14702 14688 1890 14657 14629 14613 
1 3 15047 15095 15183 
1 3 15183 3114 5069 
1 6 15183 5534 2319 15284 15316 15317 
1 4 15317 15277 4958 15139 
1 2 15139 15107 
1 5 15317 2532 15439 15487 15537 
1 7 15317 15333 5687 2030 15456 15502 3051 
1 5 15537 1875 1215 1858 15510 
1 5 5069 2125 2770 15466 15510 
1 7 5069 2125 2864 15446 15481 1875 15537 
1 3 15537 15567 2436 
1 5 15510 15536 15572 15606 2436 
1 3 2436 15638 15663 
1 5 2436 15628 15641 15670 15688 
1 4 15663 15656 15670 15688 
1 6 15688 15679 15689 1028 15692 15664 
1 4 3051 15612 15640 15664 
1 2 15640 736 
1 6 3051 160 15554 15576 15567 2436 
1 6 15688 15659 15635 15611 15576 15537 
1 6 15183 5534 15146 15129 2826 4958 
1 8 15047 994 15079 4274 15080 15096 15139 15107 
1 6 14 15676 15677 15682 15696 4817 
1 8 4817 341 15733 15745 15758 629 15783 15808 
1 7 15748 15755 4570 15779 3274 15796 15808 
1 4 15745 3053 15760 15768 
1 4 15758 15751 15742 15736 
1 5 15821 4257 1183 15805 15809 
1 6 1183 15824 15843 3539 15891 4472 
1 3 3539 2341 15875 
1 3 4472 15917 15919 
1 3 15917 15943 2020 
1 3 2020 15992 5338 
1 3 15992 16019 16004 
1 4 5338 6003 15929 15953 
1 4 16004 2358 2552 15953 
1 3 2552 15975 4829 
1 3 16004 2113 16000 
1 2 16000 4829 
1 5 2552 1780 15928 4030 2504 
1 3 4829 15933 15916 
1 3 15916 15912 4030 
1 3 2504 15859 15821 
1 4 2504 15899 5042 15865 
1 2 4030 15899 
1 3 5042 2248 15929 
1 2 15865 15843 
1 3 15929 15910 4472 
1 2 15858 2504 
1 2 15834 15821 
1 13 2531 15952 1144 15926 15927 15932 15962 2354 15958 5384 15985 16001 16023 
1 17 2531 15990 2749 16028 16052 16084 16099 16128 4882 1102 16228 3761 16258 6136 5621 16335 16356 
1 13 16023 16046 3229 16113 16140 16164 16194 2027 16248 16271 16293 16312 16335 
1 7 16356 16361 177 16407 1853 16406 16404 
1 20 16404 16399 3732 16348 16353 16329 16308 16288 16264 16246 4419 1409 16127 16093 16060 109 16015 3463 15998 2531 
1 8 15998 16016 4321 16083 3382 16156 12 16212 
1 7 16212 1174 2784 24 16355 16383 16406 
1 4 16538 16537 16528 1655 
1 3 16538 3764 5880 
1 9 1655 16559 16590 16609 16627 16650 16665 16675 16699 
1 10 1655 16565 2039 16600 16634 16661 2932 16679 16707 16733 
1 4 16665 16686 5197 2932 
1 5 16699 16725 16773 1630 16805 
1 6 1630 16773 16746 240 4398 16733 
