state={
	id=1
	name="STATE_1"
	provinces={
		299 313 433 602 660 722 803 839 936 1056 1063 1116 1119 1188 1232 1239 1346 1420 1469 1587 1590 1716 1900 2116 2404 2416 2458 2548 2633 2720 2763 2788 2854 2862 2921 3095 3113 3207 3233 3417 3512 3759 3777 3838 4111 4143 4158 4265 4544 4630 4634 4658 4673 4836 4889 4892 4927 4961 4995 5180 5203 5275 5286 5349 5458 5484 5602 5660 5666 5737 5741 5830 5934 5969 6109 6132 12239 12240 12247 12251 12252 12274 12275 12279 12288 12293 12296 12303 12309 12312 12313 12325 12332 12333 12339 12340 12341 12351 12366 12374 12383 12384 12388 12396 12402 12403 12404 12415 12423 12432 12433 12434 12439 12440 12449 12452 12453 12454 12459 12474 12481 12482 12483 12486 12492 12493 12499 12505 12510 12511 12514 12516 12517 12518 12528 12532 12535 12536 12537 12539 12540 12543 12548 12558 12562 12563 12564 12565 12569 12571 12576 12577 12578 12585 12597 12599 12600 12608 12626 12632 12633 12634 12635 12639 12643 12651 12652 12661 12677 12678 12680 12686 12690 12691 12698 12699 12700 12712 12714 12715 12727 12744 12752 12758 12759 12772 12784 12788 12793 12794 12795 12810 12813 12819 12834 12835
	}
	
	resources={
		credits=20
	}
	history = {
		buildings = {

			# radar_station = #Tracking Station

			# credits_building = 4#Trading Hubs

			# minerals_refinery = #Mineral Refinery

			# synthetic_refinery = #Tibanna Refinery

			anti_air_building = 1#Planetary Shields

			industrial_complex = 3#Civilian Factories

			arms_factory = 2#Military Factories

			# dockyard = #Shipyard

			infrastructure = 5 #Infrastructure

			air_base = 1#Small Spaceports


			12333 = {
				naval_base = 3
			}
		}
		owner = REP
		add_core_of = REP
	}
	manpower = 5477233
	state_category = large_planet
	buildings_max_level_factor=1.000
	local_supplies=0.000
}
