state={
	id=10
	name="STATE_10"
	provinces={
		557 635 769 946 1685 1886 2004 2648 2716 2874 3230 4067 4200 4251 4667 4670 4687 4937 5758 5827 12946 12947 12951 12966 12967 12969 12978 12979 12985 12988 12989 12992 13002 13004 13011 13012 13024 13032 13034 13038 13045 13052 13054 13055 13063 13070 13072 13074 13079 13080 13084 13096 13099 13103 13110 13120 13124 13132 13139 13145 13150 13158 13162 
	}
	history = {
		buildings = {
			infrastructure = 1
		}
		owner = REP
		add_core_of = REP
	}
	manpower=0
	buildings_max_level_factor=1.000
	local_supplies=0.000
}
