
state={
	id=101
	name="STATE_101"
	provinces={
		106 243 390 446 630 807 853 911 958 1107 1193 1309 1350 1371 1433 1481 1486 1516 2143 2265 2452 2496 2509 2704 2725 2837 2843 2871 2970 2983 3171 3333 3389 3495 3564 3581 3588 3769 3988 4052 4074 4127 4268 4366 4378 4488 4504 4530 4552 4657 4729 4796 5049 5087 5317 5364 5410 5523 5566 5625 5756 5773 5855 5858 5886 5945 11229 11231 11235 11242 11246 11259 11260 11267 11268 11271 11274 11277 11283 11286 11291 11293 11296 11297 11301 11307 11315 11316 11319 11325 11339 11344 11345 11346 11348 11349 11359 11368 11373 11374 11375 11381 11382 11387 11392 11396 11397 11398 11400 11402 11403 11406 11410 11418 11419 11420 11421 11422 11430 11431 11439 11440 11441 11443 11444 11445 11451 11452 11456 11462 11463 11464 11465 11467 11471 11477 11478 11485 11489 11490 11493 11497 11501 11507 11510 11512 11516 11517 11521 11528 11531 11534 11535 11538 11539 11544 11545 11546 11547 11549 11550 11559 11560 11563 11564 11568 11569 11572 11579 11584 11588 11589 11592 11595 11597 11598 11600 11601 11602 11607 11611 11612 11615 11616 11621 11623 11624 11627 11631 11632 11636 11637 11640 11641 11647 11649 11654 11656 11657 11663 11667 11672 11676 
	}
	resources={
		credits=1
	}
	history = {
		buildings = {

			# radar_station = #Tracking Station

			# credits_building = #Trading Hubs

			# minerals_refinery = #Mineral Refinery

			# synthetic_refinery = #Tibanna Refinery

			# anti_air_building = #Planetary Shields

			# industrial_complex = #Civilian Factories

			# arms_factory = #Military Factories

			# dockyard = #Shipyard

			# infrastructure = 1#Infrastructure

			# air_base = 1#Small Spaceports



			3769 = {
				naval_base = 3
			}
		}
		owner = YIN
		add_core_of = YIN
	}
	manpower = 2380774
	state_category = large_planet
	buildings_max_level_factor=1.000
	local_supplies=0.000
}
