
state={
	id=102
	name="STATE_102"
	provinces={
		7 23 38 138 153 212 278 407 452 496 586 667 689 699 737 746 816 819 890 903 1199 1220 1296 1353 1519 1572 1787 1792 1822 1937 2077 2446 2491 2556 2637 2809 3030 3199 3208 3218 3394 3472 3482 3576 3738 3872 4122 4171 4202 4469 4480 4678 4718 4939 5044 5217 5359 5389 5545 5661 5799 5954 6164 9896 9897 9910 9911 9917 9927 9928 9933 9949 9954 9955 9956 9957 9963 9971 9980 9985 9986 9987 9993 9998 10003 10010 10016 10017 10018 10022 10023 10029 10031 10035 10037 10041 10043 10045 10050 10057 10058 10065 10066 10068 10076 10085 10086 10094 10095 10099 10100 10104 10105 10109 10122 10133 10134 10135 10136 10139 10140 10143 10158 10159 10160 10168 10176 10177 10178 10183 10184 10185 10188 10196 10208 10209 10214 10215 10216 10217 10220 10228 10231 10232 10239 10242 10243 10252 10253 10254 10259 10263 10267 10268 10276 10277 10278 10280 10281 10286 10287 10292 10297 10304 10315 10317 10318 10322 10336 10344 10346 10347 10348 10353 10354 10355 10366 10370 10372 10376 10377 10380 10381 10383 10384 10388 10401 10405 10408 10409 10412 10413 10414 10428 10434 10444 10445 10449 10457 10469 10476 10486 10490 10491 10504 10507 10508 
	}
	history = {
		buildings = {
			infrastructure = 1
		}
		owner = REP
		add_core_of = REP
	}
	manpower=1
	state_category = large_planet
	buildings_max_level_factor=1.000
	local_supplies=0.000
}
