
state={
	id=104
	name="STATE_104"
	provinces={
		301 329 430 444 724 738 770 833 1083 1321 1358 1449 1518 1593 1601 1635 1707 1745 1844 1870 2073 2210 2254 2339 2499 2502 2543 2640 2688 2697 2787 2814 2827 2940 3244 3332 3461 3520 3557 3708 3755 3807 3858 3921 4076 4383 4477 4569 4599 4627 4754 4868 4949 4964 5015 5020 5127 5149 5294 5401 5447 5569 5615 5744 6031 6137 6138 6212 9130 9152 9159 9163 9172 9174 9179 9180 9183 9184 9191 9192 9198 9201 9202 9203 9209 9211 9213 9214 9215 9231 9232 9233 9234 9237 9241 9245 9246 9251 9259 9260 9261 9262 9265 9266 9270 9271 9272 9275 9281 9282 9284 9285 9292 9296 9301 9304 9305 9306 9310 9311 9317 9318 9320 9321 9322 9323 9332 9333 9342 9345 9346 9350 9351 9354 9359 9362 9363 9364 9365 9371 9373 9378 9379 9387 9388 9389 9390 9395 9406 9417 9421 9422 9423 9431 9435 9436 9448 9457 9462 9463 9464 9472 9478 9479 9485 9494 9495 9496 9497 9503 9509 9516 9519 9530 9533 9534 9540 9544 9545 9554 9560 9570 9580 9584 9585 9594 9595 9601 9602 9610 9617 9622 9623 9628 9640 9650 9651 9662 9667 9671 9677 9678 
	}
	history = {
		buildings = {
			infrastructure = 1
		}
		owner = CIS
		add_core_of = CIS
	}
	manpower=1
	state_category = large_planet
	buildings_max_level_factor=1.000
	local_supplies=0.000
}
