
state={
	id=105
	name="STATE_105"
	provinces={
		10 25 63 70 79 96 223 263 308 358 365 432 468 790 842 1003 1263 1297 1506 1520 1840 1931 2009 2025 2057 2213 2279 2296 2486 2661 2698 2775 2853 3057 3088 3145 3175 3298 3341 3353 3406 3447 3674 3678 3705 3713 3775 3922 4020 4035 4079 4224 4266 4327 4355 4648 4697 4782 4841 4951 5009 5160 5288 5314 5369 5375 5533 5562 5583 5940 11119 11120 11124 11128 11129 11140 11147 11154 11156 11162 11169 11174 11176 11177 11191 11194 11195 11196 11201 11202 11206 11211 11216 11219 11220 11225 11233 11234 11240 11241 11250 11256 11258 11265 11266 11270 11273 11281 11282 11285 11290 11295 11300 11306 11314 11318 11324 11329 11330 11333 11336 11337 11338 11354 11355 11356 11358 11363 11364 11367 11372 11380 11383 11386 11390 11391 11395 11399 11405 11408 11409 11411 11412 11413 11417 11424 11425 11426 11428 11429 11433 11434 11442 11448 11449 11450 11453 11454 11455 11458 11459 11460 11461 11473 11475 11476 11479 11480 11483 11484 11486 11492 11495 11496 11498 11499 11502 11503 11504 11509 11514 11515 11519 11520 11525 11526 11527 11533 11542 11543 11548 11554 11556 11557 11558 11571 11573 11577 11578 11582 11583 
	}
	history = {
		buildings = {
			infrastructure = 1
			5583 = {
				naval_base = 3
			}
		}
		owner = REP
		add_core_of = REP
	}
	manpower=1
	state_category = large_planet
	buildings_max_level_factor=1.000
	local_supplies=0.000
}
