
state={
	id=106
	name="STATE_106"
	provinces={
		125 351 503 515 585 664 710 751 823 830 1072 1151 1177 1268 1339 1459 1471 1592 1701 1749 1820 1936 1968 1997 2011 2055 2316 2430 2482 2527 2615 2743 2881 2935 3055 3169 3255 3268 3320 3323 3420 3465 3635 3798 3940 3998 4061 4137 4238 4280 4289 4299 4304 4320 4345 4452 4691 4972 5050 5189 5200 5312 5332 5376 5391 5560 5808 6004 8763 8764 8771 8772 8783 8790 8792 8798 8805 8812 8816 8823 8827 8835 8843 8845 8855 8856 8866 8867 8875 8878 8879 8880 8884 8887 8893 8894 8895 8906 8910 8911 8912 8916 8917 8926 8927 8928 8931 8944 8948 8949 8950 8961 8966 8970 8977 8978 8990 8993 8995 8996 9004 9011 9017 9021 9023 9027 9029 9030 9031 9039 9042 9043 9048 9050 9051 9055 9058 9063 9067 9069 9070 9071 9073 9079 9082 9083 9084 9087 9088 9089 9090 9094 9098 9104 9107 9108 9109 9114 9116 9117 9123 9124 9131 9132 9135 9136 9139 9140 9147 9158 9161 9164 9168 9169 9173 9187 9190 9196 9197 9200 9207 9208 9221 9222 9225 9226 9228 9229 9230 9239 9244 9249 9250 9258 9264 9267 9269 9279 9280 9287 9291 9297 
	}
	resources={
		oil=1#Fuel
		aluminium=2#Minerals
		#credits=1
	}
	history = {
		buildings = {

			# radar_station = #Tracking Station

			# #credits_building = #Trading Hubs

			# minerals_refinery = #Mineral Refinery

			# synthetic_refinery = #Tibanna Refinery

			# anti_air_building = #Planetary Shields

			# industrial_complex = #Civilian Factories

			# arms_factory = #Military Factories

			# dockyard = #Shipyard

			# infrastructure = 1#Infrastructure

			# air_base = 1#Small Spaceports



			9291 = {
				naval_base = 3
			}
		}
		owner = REP
		add_core_of = REP
	}
	manpower = 1905983
	state_category = large_planet
	buildings_max_level_factor=1.000
	local_supplies=0.000
}
