
state={
	id=109
	name="STATE_109"
	provinces={
		137 247 269 328 498 681 817 1084 1175 1210 1277 1326 1412 1443 1502 1527 1598 1712 1776 1868 1919 2064 2356 2380 2407 2621 2758 2949 2997 3104 3111 3157 3192 3310 3339 3431 3466 3836 3873 3887 3918 3978 4097 4167 4204 4338 4372 4429 4445 4508 4604 4765 4771 4772 4852 4962 4975 5080 5098 5551 5591 5693 5717 5844 5891 5938 5955 5983 6053 6215 6239 7698 7708 7720 7729 7730 7731 7736 7750 7751 7752 7756 7763 7766 7767 7774 7776 7777 7783 7786 7787 7791 7793 7795 7796 7797 7814 7815 7819 7820 7821 7824 7827 7828 7835 7836 7837 7844 7847 7848 7849 7851 7855 7865 7866 7874 7875 7886 7887 7888 7894 7897 7911 7918 7919 7920 7928 7933 7934 7945 7946 7952 7954 7966 7969 7986 7987 7994 8002 8007 8008 8013 8014 8028 8033 8034 8035 8048 8051 8054 8055 8057 8065 8066 8067 8073 8085 8086 8090 8091 8094 8105 8106 8118 8119 8126 8127 8133 8144 8155 8162 8168 8179 8180 8192 8193 8196 8199 8210 8211 8214 8224 8231 8232 8237 8238 8257 8266 8272 8279 8291 8312 8338 8348 
	}
	resources={
		oil=1#Fuel
		rubber=1#Doonium
		aluminium=1#Minerals
		credits=1
	}
	history = {
		buildings = {
			infrastructure = 1
			3111= {
				naval_base = 3
				 }
				 4445= {
					naval_base = 3
					 }
					 7783= {
						naval_base = 3
						 }
		}
		owner = CIS
		add_core_of = CIS
	}
	manpower=1
	state_category = large_planet
	buildings_max_level_factor=1.000
	local_supplies=0.000
}
