
state={
	id=111
	name="STATE_111"
	provinces={
		47 68 185 336 429 461 499 690 700 910 981 1009 1077 1179 1181 1190 1236 1384 1392 1404 1418 1478 1496 1509 1855 1950 2071 2271 2343 2347 2374 2632 2656 2772 2778 3019 3379 3487 3521 3584 3633 3698 3723 3864 3939 4017 4043 4148 4240 4475 4690 4834 4936 4986 5021 5055 5108 5195 5298 5413 5425 5495 5532 5612 5714 5976 5997 6012 6019 6038 6045 6351 6352 6354 6356 6362 6363 6368 6369 6370 6373 6375 6377 6379 6383 6387 6388 6391 6395 6398 6399 6400 6402 6403 6405 6407 6410 6411 6413 6414 6415 6416 6422 6423 6426 6428 6429 6433 6434 6437 6440 6445 6447 6448 6450 6452 6453 6457 6458 6463 6467 6468 6471 6474 6487 6491 6492 6495 6497 6498 6500 6506 6507 6509 6510 6512 6513 6514 6515 6518 6519 6521 6522 6523 6532 6534 6539 6540 6541 6553 6555 6556 6558 6560 6561 6562 6571 6576 6578 6579 6580 6585 6589 6595 6596 6597 6598 6599 6608 6609 6610 6611 6619 6621 6626 6627 6633 6639 6641 6643 6644 6650 6651 6652 6655 6663 6665 6673 6677 6690 6695 6696 6700 6704 6710 6711 6714 6729 
	}
	resources={
	credits=1
	}
	history = {
		buildings = {
			infrastructure = 1
		}
		owner = CIS
		add_core_of = CIS
	}
	manpower=1
	state_category = large_planet
	buildings_max_level_factor=1.000
	local_supplies=0.000
}
