
state={
	id=113
	name="STATE_113"
	provinces={
		50 84 202 388 437 479 563 580 589 600 621 643 691 711 798 861 975 1169 1242 1301 1382 1398 1429 1588 1706 1777 1852 1895 1923 1958 2022 2093 2111 2138 2411 2412 2666 2711 2739 2804 2817 3124 3201 3573 3660 3709 3892 3946 3960 4082 4134 4214 4406 4583 4609 4623 4739 4742 4919 4935 5041 5223 5550 5823 5840 5877 6275 6721 6725 6727 6728 6737 6744 6759 6760 6766 6771 6774 6781 6792 6793 6796 6804 6810 6811 6816 6819 6832 6837 6838 6844 6860 6865 6866 6873 6880 6885 6886 6889 6890 6895 6908 6909 6917 6924 6931 6935 6943 6944 6952 6959 6960 6964 6966 6973 6980 6981 6992 6993 6997 7001 7005 7006 7008 7009 7022 7031 7032 7033 7040 7041 7045 7064 7065 7078 7079 7083 7101 7108 7109 7110 7113 7118 7122 7123 7124 7128 7144 7148 7149 7155 7156 7164 7165 7170 7171 7184 7192 7196 7197 7199 7200 7207 7213 7216 7222 7233 7234 7235 7239 7242 7256 7257 7267 7278 7279 7286 7287 7298 7299 7309 7310 7315 7320 7327 7334 7341 7346 7353 7354 7355 7359 7372 7375 7385 7395 7403 7404 7419 7429 7430 7433 
	}
	resources={
		credits=3
	}
	history = {
		buildings = {

			# radar_station = #Tracking Station

			# credits_building = #Trading Hubs

			# minerals_refinery = #Mineral Refinery

			# synthetic_refinery = #Tibanna Refinery

			# anti_air_building = #Planetary Shields

			# industrial_complex = #Civilian Factories

			# arms_factory = #Military Factories

			# dockyard = #Shipyard

			# infrastructure = 1#Infrastructure

			# air_base = 1#Small Spaceports



			2411 = {
				naval_base = 3
			}
		}
		owner = CIS
		add_core_of = CIS
	}
	manpower = 1404303
	state_category = large_planet
	buildings_max_level_factor=1.000
	local_supplies=0.000
}
