
state={
	id=114
	name="STATE_114"
	provinces={
		6 45 57 127 228 289 306 332 385 434 466 472 755 773 892 907 1226 1453 1550 1686 1759 1818 1902 1906 1934 1942 1975 2038 2106 2162 2193 2272 2311 2432 2608 2614 2759 3028 3037 3140 3241 3331 3434 3439 3696 4037 4058 4098 4121 4235 4296 4420 4804 5057 5249 5320 5347 5428 5473 5505 5772 5798 5946 5947 6163 6194 7817 7818 7823 7834 7840 7846 7854 7862 7863 7870 7871 7872 7881 7885 7896 7902 7903 7906 7909 7910 7915 7916 7917 7941 7944 7951 7953 7959 7974 7975 7979 7984 7985 7992 7993 8003 8004 8005 8006 8019 8022 8027 8032 8044 8045 8046 8047 8064 8072 8078 8083 8084 8089 8093 8096 8108 8109 8116 8117 8123 8124 8125 8130 8131 8132 8139 8143 8151 8160 8161 8165 8166 8167 8170 8171 8177 8178 8191 8194 8195 8198 8202 8203 8221 8222 8223 8230 8254 8262 8264 8265 8269 8270 8271 8278 8293 8300 8305 8306 8321 8323 8336 8337 8342 8343 8344 8347 8354 8355 8364 8368 8371 8372 8373 8379 8388 8389 8392 8395 8400 8405 8406 8425 8431 8432 8446 8457 8458 8463 8470 8471 8484 8486 
	}
	resources={
	credits=1
	}
	history = {
		buildings = {
			infrastructure = 1
		}
		owner = CIS
		add_core_of = CIS
	}
	manpower=1
	state_category = large_planet
	buildings_max_level_factor=1.000
	local_supplies=0.000
}
