
state={
	id=115
	name="STATE_115"
	provinces={
		53 264 477 614 662 996 1080 1085 1271 1294 1367 1479 1805 1843 2151 2152 2227 2256 2418 2529 2559 2569 2636 2638 2786 2793 3005 3116 3158 3300 3325 3424 3583 3618 3679 3731 3792 3831 3920 4125 4172 4222 4313 4417 4509 4550 4600 4640 4676 4756 4830 5116 5175 5227 5229 5242 5251 5611 5685 5757 5781 5786 5788 5791 5797 5849 5861 5873 5902 5931 6220 6242 7066 7067 7092 7102 7114 7129 7138 7139 7150 7151 7152 7174 7175 7185 7186 7208 7214 7217 7223 7224 7245 7258 7261 7262 7263 7268 7288 7292 7300 7311 7312 7316 7317 7336 7337 7347 7348 7349 7360 7361 7366 7376 7379 7380 7382 7383 7389 7390 7391 7396 7400 7405 7409 7412 7415 7417 7420 7421 7422 7426 7436 7437 7440 7443 7450 7451 7452 7453 7456 7457 7458 7465 7468 7469 7475 7476 7480 7487 7488 7494 7497 7498 7499 7500 7504 7507 7512 7519 7520 7522 7523 7528 7533 7534 7535 7539 7548 7549 7555 7562 7563 7564 7575 7576 7578 7583 7586 7602 7612 7621 7626 7635 7636 7643 7644 7647 7652 7656 7657 7668 7675 7678 7679 7684 7687 
	}
	history = {
		buildings = {
			infrastructure = 1
		}
		owner = REP
		add_core_of = REP
	}
	manpower=1
	state_category = large_planet
	buildings_max_level_factor=1.000
	local_supplies=0.000
}
