
state={
	id=119
	name="STATE_119"
	provinces={
		4 90 107 112 232 400 410 455 464 480 484 488 543 587 750 804 974 1027 1060 1082 1207 1266 1364 1383 1758 1797 1949 2183 2200 2308 2381 2524 3031 3328 3555 3577 3695 3710 3717 3718 3789 4149 4277 4414 4455 4486 4542 4619 4662 4668 4692 4695 4703 4957 5070 5079 5136 5220 5287 5409 5429 5456 5530 5640 5700 5701 5703 5904 6023 6147 6188 6257 10960 10961 10968 10970 10974 10981 10982 10988 10990 10997 11001 11006 11008 11012 11014 11015 11017 11018 11025 11026 11029 11032 11033 11035 11037 11038 11041 11044 11047 11048 11049 11052 11058 11061 11067 11068 11069 11071 11073 11074 11079 11082 11084 11086 11087 11088 11089 11092 11093 11097 11102 11105 11106 11108 11109 11110 11111 11115 11116 11121 11130 11132 11133 11137 11138 11141 11142 11144 11148 11149 11152 11153 11157 11158 11163 11164 11165 11170 11171 11178 11181 11182 11183 11187 11190 11192 11197 11198 11199 11203 11207 11208 11212 11221 11222 11223 11226 11227 11228 11232 11236 11243 11247 11248 11251 11252 11253 11261 11262 11275 11278 11284 11287 11298 11299 11304 11317 11320 11321 11322 11331 11335 11350 11353 11361 11362 11365 11370 11384 
	}
	resources={
		credits=4
	}
	history = {
		buildings = {
			# radar_station = #Tracking Station
			# credits_building = #Trading Hubs
			# minerals_refinery = #Mineral Refinery
			# synthetic_refinery = #Tibanna Refinery
			# anti_air_building = #Planetary Shields
			# industrial_complex = #Civilian Factories
			# arms_factory = #Military Factories
			# dockyard = #Shipyard
			# infrastructure = 1#Infrastructure
			# air_base = 1#Small Spaceports


			11320= {
				naval_base = 3
				 }
				 11203= {
					naval_base = 3
					 }
		}
		owner = REP
		add_core_of = REP
	}
	manpower=1
	state_category = large_planet
	buildings_max_level_factor=1.000
	local_supplies=0.000
}
