state={
	id=12
	name="STATE_12"
	provinces={
		33 40 270 292 370 404 423 504 631 656 680 864 874 966 1026 1347 1446 1451 1548 1551 1789 1952 2058 2147 2175 2245 2355 2506 2609 2628 2714 2807 2999 3067 3198 3200 3206 3336 3413 3514 3611 3786 3829 3868 3910 4050 4226 4288 4432 4474 4558 4664 4674 4760 4800 4970 4981 5027 5082 5254 5516 5609 5736 5775 6064 6092 6211 13898 13899 13906 13911 13922 13929 13938 13948 13963 13968 13974 13975 13976 13979 13980 13994 14002 14012 14013 14018 14025 14032 14035 14045 14046 14047 14054 14062 14066 14067 14068 14076 14080 14090 14095 14098 14099 14105 14106 14112 14117 14118 14121 14129 14133 14134 14135 14136 14139 14144 14145 14149 14153 14154 14160 14161 14165 14169 14175 14176 14183 14189 14191 14192 14196 14197 14200 14201 14209 14210 14218 14219 14223 14224 14229 14233 14237 14238 14240 14241 14247 14258 14259 14260 14262 14270 14271 14274 14277 14282 14288 14289 14290 14297 14298 14301 14304 14312 14318 14319 14327 14331 14334 14335 14343 14347 14348 14349 14364 14365 14366 14370 14371 14372 14375 14376 14384 14390 14393 14394 14401 14406 14413 14414 14416 14417 14427 14430 14435 14443 14444 14453 14461 14464 
	}
	history = {
		buildings = {
			# radar_station = #Tracking Station
			# credits_building = #Trading Hubs
			# minerals_refinery = #Mineral Refinery
			# synthetic_refinery = #Tibanna Refinery
			# anti_air_building = #Planetary Shields
			# industrial_complex = #Civilian Factories
			# arms_factory = #Military Factories
			# dockyard = #Shipyard
			# infrastructure = 1#Infrastructure
			# air_base = 1#Small Spaceports


			3200= {
				naval_base = 3
			}
		}
		owner = REP
		add_core_of = REP
	}
	manpower=1
	state_category = large_planet
	buildings_max_level_factor=1.000
	local_supplies=0.000
}
