
state={
	id=13
	name="STATE_13"
	provinces={
		94 169 217 231 268 317 486 762 834 872 1020 1022 1155 1159 1224 1241 1291 1331 1357 1395 1495 1597 1638 1811 1826 1866 1890 1927 2029 2041 2060 2593 2607 2613 2842 2857 2966 2986 3043 3066 3080 3213 3527 3536 3574 3596 3756 3880 4065 4093 4157 4275 4349 4386 4466 4482 4763 4795 4885 5056 5128 5253 5266 5284 5492 5577 5638 5713 5754 5782 5818 5852 5853 6022 6054 6183 6225 14507 14509 14512 14514 14515 14519 14521 14523 14524 14527 14528 14529 14532 14534 14535 14539 14540 14541 14542 14544 14547 14548 14549 14556 14558 14559 14560 14564 14566 14570 14573 14574 14575 14576 14579 14583 14585 14586 14590 14591 14593 14595 14597 14601 14602 14604 14605 14609 14611 14612 14613 14616 14624 14625 14626 14627 14629 14631 14635 14639 14641 14642 14644 14648 14654 14655 14656 14657 14659 14662 14663 14670 14671 14673 14674 14675 14683 14686 14687 14688 14692 14694 14695 14697 14702 14705 14708 14709 14710 14711 14717 14718 14721 14722 14723 14724 14725 14726 14730 14731 14732 14733 14736 14737 14739 14740 14741 14743 14744 14747 14750 14751 14755 14758 14767 14771 14772 14776 14778 14779 
	}
	manpower=0
	buildings_max_level_factor=1.000
	local_supplies=0.000
}
