
state={
	id=24
	name="STATE_24"
	provinces={
		15 131 266 293 309 339 734 983 1046 1067 1126 1235 1337 1343 1391 1631 1671 1748 1761 1983 2056 2141 2232 2326 2391 2400 2471 2766 3072 3087 3196 3210 3235 3263 3426 3456 3772 3916 3929 3996 4123 4270 4284 4342 4702 4894 4963 5086 5088 5156 5262 5383 5408 5438 5952 6051 6066 6079 6140 14504 14505 14508 14513 14516 14517 14518 14520 14522 14525 14526 14530 14531 14533 14536 14537 14538 14543 14545 14546 14550 14551 14552 14553 14554 14555 14557 14561 14562 14563 14565 14567 14568 14569 14571 14572 14577 14578 14580 14581 14582 14584 14587 14588 14589 14592 14594 14596 14598 14599 14600 14603 14606 14607 14608 14610 14614 14615 14617 14618 14619 14620 14621 14622 14623 14628 14630 14632 14633 14634 14636 14637 14638 14640 14643 14645 14646 14647 14649 14650 14651 14652 14653 14658 14660 14661 14664 14665 14666 14667 14668 14669 14672 14676 14677 14678 14679 14680 14681 14682 14684 14685 14689 14690 14691 14693 14696 14698 14699 14700 14701 14703 14704 14706 14707 14712 14713 14714 14715 14716 14719 14720 14727 14728 14729 14734 14735 14738 14742 14745 14746 14748 14749 14752 14753 14754 14756 14757 14759 14762 14763 14764 14766 14768 14773 
	}
	history = {
		buildings = {
			infrastructure = 1
		}
		owner = REP
		add_core_of = REP
	}
	manpower=1
	state_category = large_planet
	buildings_max_level_factor=1.000
	local_supplies=0.000
}
