state={
	id=25
	name="STATE_25"
	provinces={
		55 98 281 371 377 492 651 679 928 1004 1044 1108 1279 1561 1675 1778 1904 1907 1989 2005 2010 2191 2234 2247 2320 2368 2383 2449 2510 2576 2634 2662 2785 2798 2892 2955 3152 3215 3480 3552 3578 3676 3724 3970 3989 4019 4153 4261 4295 4337 4616 4700 4750 4761 4762 4859 5012 5192 5246 5297 5368 5417 5469 5586 5665 5691 5813 5863 6166 6217 14940 14941 14971 14978 14989 15000 15008 15009 15019 15035 15036 15057 15058 15060 15061 15062 15067 15071 15081 15082 15097 15101 15102 15108 15109 15110 15121 15130 15140 15156 15157 15174 15175 15184 15185 15186 15195 15201 15208 15215 15216 15217 15223 15224 15229 15252 15254 15255 15263 15268 15286 15287 15288 15302 15307 15308 15318 15319 15330 15335 15336 15346 15352 15359 15360 15361 15381 15382 15383 15392 15393 15408 15420 15423 15424 15434 15435 15447 15451 15463 15464 15475 15476 15482 15488 15493 15497 15498 15503 15505 15517 15518 15519 15525 15526 15532 15538 15542 15543 15547 15548 15559 15560 15568 15573 15577 15589 15590 15597 15598 15600 15601 15602 15613 15614 15625 15630 15631 15632 15642 15647 15665 15671 15678 15680 15681 15683 15693 
	}
	manpower=0
	buildings_max_level_factor=1.000
	local_supplies=0.000
}
