
state={
	id=28
	name="STATE_28"
	provinces={
		173 545 647 704 714 885 897 960 977 1272 1499 1514 1559 1774 1783 1911 2104 2437 2465 2692 2783 2889 2925 2981 2984 3002 3020 3107 3121 3225 3287 3296 3370 3559 3747 3911 3976 4126 4309 4326 4351 4374 4425 4586 4650 4652 4810 4888 4934 4945 5089 5163 5311 5420 5439 5623 5642 5768 5785 6047 6172 6182 6198 6274 14113 14114 14119 14122 14132 14146 14147 14162 14170 14177 14184 14185 14193 14202 14203 14204 14211 14214 14220 14225 14230 14234 14242 14246 14250 14251 14252 14261 14264 14265 14266 14278 14279 14280 14283 14284 14291 14292 14295 14299 14302 14308 14309 14313 14314 14315 14324 14328 14329 14332 14337 14340 14341 14342 14346 14350 14351 14356 14357 14361 14368 14374 14378 14379 14381 14386 14389 14391 14392 14397 14398 14399 14400 14405 14408 14411 14418 14419 14420 14423 14424 14426 14429 14431 14434 14436 14437 14438 14440 14441 14442 14449 14450 14451 14452 14456 14457 14458 14459 14460 14463 14465 14468 14469 14471 14472 14473 14474 14478 14479 14480 14481 14482 14483 14484 14485 14486 14487 14488 14489 14490 14491 14492 14493 14494 14495 14496 14497 14498 14499 14500 14501 14502 14503 14506 14510 14511 
	}
	history = {
		buildings = {
			infrastructure = 1
		}
		owner = REP
		add_core_of = REP
	}
	manpower=1
	state_category = large_planet
	buildings_max_level_factor=1.000
	local_supplies=0.000
}
