state={
	id=29
	name="STATE_29"
	provinces={
		69 102 165 215 238 511 559 673 761 793 814 854 873 909 972 1053 1064 1250 1351 1397 1599 1691 1908 1974 2157 2174 2176 2205 2238 2277 2426 2736 2799 3040 3178 3620 3700 3784 3813 4133 4161 4221 4590 4608 4769 4816 4915 4993 5066 5068 5119 5153 5321 5335 5419 5441 5843 5958 6057 6124 6131 6157 6269 15770 15771 15772 15773 15781 15782 15787 15788 15789 15790 15797 15798 15799 15806 15807 15814 15816 15817 15818 15822 15825 15829 15833 15835 15836 15838 15840 15844 15845 15847 15849 15850 15852 15853 15860 15861 15863 15867 15868 15871 15873 15876 15877 15880 15884 15886 15888 15889 15892 15893 15894 15897 15898 15901 15902 15904 15908 15911 15914 15915 15918 15920 15921 15924 15925 15934 15935 15936 15940 15941 15942 15944 15945 15946 15950 15951 15959 15967 15968 15971 15972 15976 15977 15980 15986 15993 15994 15995 15996 16002 16003 16005 16006 16020 16024 16027 16030 16033 16044 16047 16049 16050 16053 16055 16056 16061 16065 16075 16080 16086 16087 16089 16094 16095 16102 16103 16109 16115 16121 16123 16124 16129 16130 16141 16144 16145 16148 16149 16152 16165 16166 16170 16173 16174 16177 16186 16195 16196 16204 16205 16207 
	}
	manpower=0
	buildings_max_level_factor=1.000
	local_supplies=0.000
}
