state={
	id=30
	name="STATE_30"
	provinces={
		56 174 326 348 702 879 957 985 1070 1265 1307 1319 1523 1612 1659 1765 1995 2084 2442 2451 2534 2594 2619 2699 2761 2893 2941 3236 3242 3355 3430 3542 3644 3657 3781 3907 4095 4156 4322 4388 4443 4519 4551 4757 4778 4784 4822 5238 5265 5440 5509 5521 5585 5600 5684 5694 5769 5928 5933 5942 6017 6033 6039 6098 6100 6245 6260 6279 14867 14878 14883 14893 14894 14896 14897 14900 14907 14913 14918 14921 14922 14928 14942 14945 14954 14961 14964 14965 14972 14979 14980 14981 14983 14994 14995 15001 15002 15003 15004 15010 15011 15020 15028 15029 15037 15038 15049 15050 15051 15059 15063 15064 15076 15083 15084 15089 15103 15104 15111 15112 15117 15123 15132 15148 15158 15159 15169 15170 15187 15198 15199 15202 15203 15209 15220 15225 15230 15231 15241 15256 15265 15270 15289 15290 15291 15304 15309 15321 15322 15337 15343 15344 15345 15347 15348 15353 15354 15363 15370 15374 15378 15384 15385 15395 15396 15397 15404 15410 15411 15412 15426 15432 15437 15440 15441 15449 15465 15471 15479 15480 15484 15490 15500 15506 15507 15521 15522 15534 15545 15551 15558 15563 15574 15581 15586 15587 15593 
	}
	resources={
		chromium=4#Circuitry
	}
	history = {
		buildings = {
			infrastructure = 1
			56 = {
				naval_base = 3
			}
		}
		owner = MAN
		add_core_of = MAN
	}
	manpower=1
	state_category = large_planet
	buildings_max_level_factor=1.000
	local_supplies=0.000
}
