state={
	id=31
	name="STATE_31"
	provinces={
		256 296 312 353 362 442 695 828 888 1051 1245 1316 1342 1534 1697 1802 1850 2161 2169 2178 2303 2473 2588 2715 2717 2718 2850 2953 3042 3084 3191 3408 3497 3528 3540 3551 3641 3762 3776 3796 3909 3914 4138 4236 4344 4395 4402 4451 4588 4747 4844 4876 5006 5067 5122 5168 5289 5303 5319 5436 5510 5617 5724 5795 5943 6089 6111 6197 6251 13778 13779 13785 13807 13822 13826 13831 13834 13835 13844 13845 13850 13873 13876 13877 13878 13885 13886 13909 13912 13926 13940 13944 13956 13959 13960 13970 13971 13972 13983 13984 13988 13996 14003 14004 14005 14014 14021 14022 14030 14034 14038 14048 14049 14056 14059 14063 14064 14072 14077 14081 14087 14092 14096 14101 14102 14115 14123 14124 14125 14126 14141 14150 14151 14152 14155 14157 14163 14166 14172 14178 14179 14186 14187 14194 14198 14205 14206 14212 14213 14215 14221 14222 14226 14231 14235 14236 14239 14243 14253 14254 14256 14267 14268 14272 14273 14275 14285 14286 14293 14294 14296 14300 14303 14306 14307 14310 14325 14326 14330 14333 14338 14352 14353 14358 14359 14362 14363 14369 14382 14383 14387 14388 14404 14409 14410 14412 
	}
	resources={
		#credits=5
	}
	history = {
		buildings = {

			# radar_station = #Tracking Station

			# #credits_building = #Trading Hubs

			# minerals_refinery = #Mineral Refinery

			# synthetic_refinery = #Tibanna Refinery

			# anti_air_building = #Planetary Shields

			# industrial_complex = #Civilian Factories

			# arms_factory = #Military Factories

			# dockyard = #Shipyard

			# infrastructure = 1#Infrastructure

			# air_base = 1#Small Spaceports



			353 = {
				naval_base = 3
			}
		}
		owner = HTT
		add_core_of = HTT
	}
	manpower = 1900537
	state_category = large_planet
	buildings_max_level_factor=1.000
	local_supplies=0.000
}
