state={
	id=33
	name="STATE_33"
	provinces={
		126 216 259 372 394 463 501 618 638 792 1362 1438 1484 1528 1661 1694 1714 1763 1773 1804 1807 1863 1938 2119 2128 2224 2233 2595 2878 2879 2890 3117 3118 3219 3306 3440 3612 3852 4010 4031 4183 4187 4198 4233 4385 4391 4460 4463 4562 4576 4712 4779 4785 4899 4900 4913 5040 5112 5113 5142 5145 5324 5427 5431 5483 5501 5568 5918 5984 6043 6151 15746 15747 15749 15750 15756 15757 15759 15761 15762 15763 15765 15766 15769 15774 15775 15776 15777 15778 15784 15785 15791 15792 15793 15795 15800 15802 15803 15804 15810 15811 15812 15813 15815 15819 15820 15826 15827 15830 15831 15832 15837 15839 15841 15842 15846 15851 15854 15855 15856 15857 15862 15864 15866 15869 15870 15872 15878 15881 15882 15883 15885 15887 15890 15895 15896 15903 15905 15906 15907 15909 15913 15922 15923 15930 15931 15937 15938 15939 15947 15948 15949 15954 15955 15956 15960 15965 15966 15969 15970 15973 15978 15981 15982 15987 15988 15989 15997 16007 16009 16010 16013 16025 16031 16034 16035 16036 16037 16045 16048 16051 16057 16062 16063 16064 16066 16067 16076 16079 16081 16090 16096 16097 16116 16131 16142 
	}
	resources={
		oil=4#Fuel
		aluminium=3#Minerals
	}
	history = {
		buildings = {
			infrastructure = 1
		}
		owner = REP
		add_core_of = REP
	}
	manpower=1
	state_category = large_planet
	buildings_max_level_factor=1.000
	local_supplies=0.000
}
