state={
	id=34
	name="STATE_34"
	provinces={
		29 91 141 192 354 436 663 668 743 775 849 919 1078 1118 1142 1189 1304 1361 1431 1846 2202 2378 2415 2444 2481 2591 2686 2851 2965 2969 2990 3184 3519 3587 3605 3785 3867 3877 3893 4066 4109 4129 4154 4315 4399 4448 4468 4525 4532 4595 4643 4791 4845 5033 5157 5334 5502 5511 5570 5697 5925 5970 6027 6052 6055 6084 6207 16514 16515 16520 16525 16529 16532 16533 16535 16536 16539 16542 16543 16547 16548 16550 16552 16553 16555 16558 16560 16561 16562 16563 16567 16573 16574 16575 16577 16578 16581 16584 16585 16593 16594 16597 16598 16601 16602 16610 16612 16613 16614 16615 16616 16617 16618 16619 16630 16632 16633 16635 16640 16641 16642 16643 16647 16652 16655 16657 16659 16666 16667 16668 16669 16670 16671 16681 16682 16683 16688 16689 16691 16692 16693 16700 16704 16705 16711 16712 16713 16714 16718 16720 16730 16731 16732 16738 16739 16741 16742 16745 16750 16756 16759 16763 16764 16765 16771 16780 16785 16788 16789 16790 16791 16796 16803 16810 16814 16821 16822 16834 16839 16850 16854 16861 16870 16873 16874 16893 16896 16907 16915 16920 16921 16925 16930 16935 
	}
	history = {
		buildings = {
			infrastructure = 1
			5970 = {
				naval_base = 3
			}
		}
		owner = CIS
		add_core_of = CIS
	}
	manpower=1
	state_category = large_planet
	buildings_max_level_factor=1.000
	local_supplies=0.000
}
