state={
	id=37
	name="STATE_37"
	provinces={
		172 248 314 344 384 859 1002 1079 1253 1320 1430 1584 1636 1650 1785 1809 2043 2130 2179 2483 2641 2646 2764 2841 2942 3073 3093 3138 3188 3222 3504 3616 3683 3729 3733 3794 3797 3906 3982 4073 4188 4199 4341 4514 4534 4580 4694 4987 4991 5048 5074 5150 5213 5225 5547 5641 5887 5905 6014 6119 17419 17420 17425 17430 17431 17451 17461 17466 17467 17475 17476 17489 17501 17502 17508 17509 17515 17523 17524 17530 17531 17535 17543 17548 17558 17559 17564 17565 17575 17576 17581 17588 17592 17593 17595 17597 17604 17605 17606 17608 17614 17623 17627 17629 17630 17632 17636 17641 17642 17643 17646 17661 17665 17668 17670 17675 17676 17677 17683 17688 17695 17698 17701 17705 17708 17709 17712 17713 17717 17720 17722 17723 17726 17731 17732 17734 17739 17742 17743 17745 17746 17747 17748 17749 17752 17754 17755 17756 17757 17758 17763 17764 17765 17768 17772 17773 17782 17783 17785 17786 17789 17790 17794 17799 17800 17804 17805 17806 17807 17808 17811 17812 17815 17822 17823 17825 17826 17827 17829 17830 17831 17833 17834 17835 17838 17841 17842 17843 17844 17846 17847 17848 17849 17851 17854 17856 17857 17859 17860 17861 17864 17865 17866 17869 17870 17873 17874 17877 17879 17880 17881 
	}
	resources={
		rubber=3#Doonium
		aluminium=4#Minerals
		credits=3
	}
	history = {
		buildings = {
			infrastructure = 1
		}
		owner = TCU
		add_core_of = TCU
	}
	manpower=1
	state_category = large_planet
	buildings_max_level_factor=1.000
	local_supplies=0.000
}
