state={
	id=40
	name="STATE_40"
	provinces={
		31 89 92 157 209 284 382 560 658 805 811 951 1103 1246 1252 1274 1360 1596 1609 1682 1702 1767 1801 1920 1972 2109 2652 2658 2732 2782 2810 2867 2883 3032 3070 3099 3146 3445 3470 3661 3788 3824 3854 3930 4438 4462 4485 4495 4515 4602 4683 4708 4725 4912 4980 5017 5430 5477 5695 5751 5779 5792 5854 6259 17287 17288 17301 17302 17338 17343 17344 17356 17367 17371 17372 17376 17377 17378 17389 17405 17411 17412 17416 17417 17428 17435 17440 17441 17447 17448 17449 17456 17460 17472 17473 17474 17481 17482 17488 17494 17495 17500 17507 17512 17513 17514 17519 17520 17522 17529 17541 17542 17547 17549 17550 17551 17556 17557 17562 17563 17574 17578 17579 17580 17587 17591 17596 17602 17603 17607 17613 17621 17622 17626 17628 17631 17638 17639 17640 17645 17651 17652 17653 17659 17660 17664 17667 17669 17673 17674 17681 17687 17690 17691 17692 17697 17699 17700 17704 17707 17710 17711 17715 17716 17719 17725 17727 17729 17730 17737 17738 17744 17750 17751 17753 17761 17762 17767 17769 17771 17775 17776 17777 17779 17780 17781 17788 17793 17795 17796 17797 17798 17801 17809 17810 17814 17818 17819 17820 17821 17828 17837 17840 17850 
	}
	history = {
		buildings = {
			infrastructure = 1
		}
		owner = CIS
		add_core_of = CIS
	}
	manpower=1
	state_category = large_planet
	buildings_max_level_factor=1.000
	local_supplies=0.000
}
