state={
	id=43
	name="STATE_43"
	provinces={
		39 78 204 253 273 283 544 547 963 1047 1057 1127 1543 1666 1757 1842 1879 1898 1973 1994 2230 2251 2362 2399 2710 2897 2964 3151 3194 3227 3365 3505 3558 3745 3802 3803 3869 4105 4115 4190 4191 4212 4241 4357 4513 4723 5036 5191 5211 5234 5268 5300 5525 5662 5704 5711 5821 5951 6011 6129 16011 16012 16014 16021 16032 16038 16039 16040 16054 16058 16059 16068 16070 16071 16072 16077 16088 16091 16092 16098 16104 16105 16106 16110 16114 16117 16122 16125 16126 16132 16134 16135 16143 16150 16151 16153 16154 16155 16157 16158 16159 16160 16171 16172 16178 16179 16180 16181 16182 16183 16184 16187 16191 16192 16197 16201 16202 16208 16211 16214 16215 16218 16219 16223 16231 16233 16234 16236 16237 16243 16249 16251 16252 16253 16259 16260 16262 16272 16277 16278 16283 16284 16285 16286 16291 16292 16297 16302 16303 16306 16309 16311 16313 16316 16318 16325 16326 16330 16333 16336 16341 16343 16349 16350 16358 16359 16362 16363 16364 16368 16369 16370 16378 16379 16384 16385 16386 16388 16389 16390 16391 16392 16394 16400 16405 16408 16409 16412 16413 16414 16416 16421 16423 16424 16426 16430 16431 16433 16438 16439 16443 16448 16450 16451 16453 
	}
	resources={
		steel=1#Alloys
		chromium=1#Circuitry
		credits=2
	}
	history = {
		buildings = {
			infrastructure = 1
			16125 = {
				naval_base = 3
			}
		}
		owner = REP
		add_core_of = REP
	}
	manpower=1
	state_category = large_planet
	buildings_max_level_factor=1.000
	local_supplies=0.000
}
