state={
	id=44
	name="STATE_44"
	provinces={
		114 171 330 363 443 476 532 728 843 917 924 998 1042 1061 1146 1148 1261 1264 1338 1436 1460 1555 1719 2008 2137 2149 2170 2203 2337 2361 2540 2626 2677 2681 2690 2754 2771 2815 2992 3136 3154 3168 3388 3418 3746 3816 3817 3819 3822 3849 3915 4049 4101 4110 4564 4585 4732 4823 4873 4875 4914 4926 5181 5491 5624 5645 5718 5986 6078 6105 6149 6199 17121 17122 17130 17137 17138 17157 17158 17167 17177 17178 17179 17201 17206 17223 17229 17236 17247 17255 17256 17260 17267 17268 17270 17271 17281 17294 17295 17306 17307 17313 17316 17317 17332 17333 17334 17335 17336 17337 17342 17347 17354 17355 17366 17369 17370 17383 17388 17393 17403 17404 17415 17418 17434 17439 17446 17455 17459 17464 17471 17479 17480 17487 17493 17497 17498 17499 17511 17518 17528 17534 17538 17539 17540 17545 17546 17554 17555 17560 17561 17568 17569 17571 17572 17573 17586 17589 17590 17598 17600 17601 17612 17618 17619 17620 17624 17625 17633 17634 17635 17649 17650 17655 17656 17657 17658 17663 17671 17672 17680 17682 17685 17686 17694 17696 17702 17703 17706 17714 17718 17721 17724 17728 17733 17735 17736 17740 17741 17759 17760 17766 
	}
	resources={
		oil=2#Fuel
		credits=2
	}
	history = {
		buildings = {
			# radar_station = #Tracking Station
			# credits_building = #Trading Hubs
			# minerals_refinery = #Mineral Refinery
			# synthetic_refinery = #Tibanna Refinery
			# anti_air_building = #Planetary Shields
			# industrial_complex = #Civilian Factories
			# arms_factory = #Military Factories
			# dockyard = #Shipyard
			# infrastructure = 1#Infrastructure
			# air_base = 1#Small Spaceports


			17255 = {
				naval_base = 3
			}
		}
		owner = RNB
		add_core_of = RNB
	}
	manpower=1
	state_category = large_planet
	buildings_max_level_factor=1.000
	local_supplies=0.000
}
