state={
	id=46
	name="STATE_46"
	provinces={
		240 665 1129 1276 1630 1655 1679 2039 2133 2821 2932 3186 3289 3361 3391 3541 3764 3834 3977 3993 4281 4343 4353 4398 5111 5138 5197 5618 5880 5911 6025 6122 6169 16467 16468 16469 16478 16481 16482 16483 16489 16495 16497 16503 16510 16511 16517 16528 16531 16537 16538 16544 16545 16546 16549 16554 16557 16559 16565 16566 16570 16571 16572 16583 16587 16589 16590 16600 16604 16605 16609 16622 16627 16628 16629 16634 16645 16650 16651 16653 16660 16661 16662 16665 16673 16675 16679 16685 16686 16687 16699 16706 16707 16708 16725 16733 16740 16746 16751 16766 16767 16773 16781 16782 16815 16816 16824 16831 16843 16844 16849 
	}
	manpower=0
	buildings_max_level_factor=1.000
	local_supplies=0.000
}
