
state={
	id=47
	name="STATE_47"
	provinces={
		12 24 109 142 177 346 445 508 694 882 895 964 1102 1121 1135 1144 1174 1225 1409 1541 1633 1639 1738 1853 1939 1976 1984 2027 2115 2342 2354 2433 2531 2643 2676 2749 2784 2800 2899 2902 3229 3292 3346 3382 3398 3463 3732 3761 4287 4321 4419 4524 4638 4826 4832 4842 4882 5384 5414 5538 5621 5636 5980 6102 6136 15926 15927 15932 15952 15957 15958 15961 15962 15964 15974 15979 15983 15984 15985 15990 15991 15998 15999 16001 16008 16015 16016 16017 16018 16022 16023 16026 16028 16029 16041 16042 16043 16046 16052 16060 16069 16073 16074 16078 16082 16083 16084 16085 16093 16099 16100 16101 16107 16108 16111 16112 16113 16118 16119 16120 16127 16128 16133 16136 16137 16138 16139 16140 16146 16147 16156 16161 16162 16163 16164 16167 16168 16169 16175 16176 16185 16190 16194 16200 16203 16206 16210 16212 16213 16217 16222 16226 16228 16229 16230 16232 16240 16241 16242 16246 16247 16248 16257 16258 16264 16265 16268 16269 16270 16271 16276 16282 16288 16293 16296 16299 16308 16310 16312 16321 16323 16324 16329 16332 16334 16335 16340 16342 16348 16353 16354 16355 16356 16357 16361 16366 16367 16377 16383 16399 16404 16406 16407 
	}
	history = {
		buildings = {

			# radar_station = #Tracking Station

			# #credits_building = #Trading Hubs

			# minerals_refinery = #Mineral Refinery

			# synthetic_refinery = #Tibanna Refinery

			# anti_air_building = #Planetary Shields

			# industrial_complex = #Civilian Factories

			# arms_factory = #Military Factories

			# dockyard = #Shipyard

			# infrastructure = 1#Infrastructure

			# air_base = 1#Small Spaceports



			2531 = {
				naval_base = 3
			}
		}
		owner = CIS
		add_core_of = CIS
	}
	manpower = 520614
	state_category = large_planet
	buildings_max_level_factor=1.000
	local_supplies=0.000
}
