
state={
	id=49
	name="STATE_49"
	provinces={
		66 136 175 189 290 303 374 381 494 535 616 655 918 943 1143 1211 1217 1278 1411 1570 1736 1816 2007 2034 2046 2061 2072 2085 2198 2260 2267 2392 2906 2963 2967 3212 3340 3385 3390 3448 3484 3537 3758 3843 4024 4389 4393 4721 4775 4839 4897 5091 5170 5214 5250 5305 5323 5448 5455 5503 5664 5709 5888 5975 6040 6133 17892 17894 17895 17897 17898 17901 17902 17903 17904 17905 17906 17907 17908 17909 17912 17913 17914 17915 17917 17918 17919 17921 17923 17924 17927 17928 17930 17931 17932 17934 17936 17939 17942 17945 17946 17947 17950 17951 17952 17958 17960 17961 17963 17964 17965 17967 17968 17972 17973 17976 17977 17978 17980 17986 17989 17990 17991 17992 17995 17997 17998 17999 18003 18006 18011 18013 18014 18015 18017 18019 18022 18030 18031 18032 18034 18035 18036 18038 18044 18045 18050 18051 18052 18057 18058 18059 18060 18062 18073 18076 18081 18085 18096 18097 18098 18101 18105 18110 18117 18118 18122 18123 18129 18130 18131 18134 18138 18142 18146 18147 18150 18156 18158 18159 18160 18164 18179 18180 18181 18182 18184 18186 18187 18188 18190 18195 18200 18202 18205 18212 18213 18219 18224 
	}
	history = {
		buildings = {
			infrastructure = 1
		}
		owner = REP
		add_core_of = REP
	}
	manpower=1
	state_category = large_planet
	buildings_max_level_factor=1.000
	local_supplies=0.000
}
