
state={
	id=61
	name="STATE_61"
	provinces={
		143 272 276 342 411 519 764 1065 1092 1120 1182 1422 1513 1768 1856 1963 2063 2066 2237 2309 2345 2487 2523 2729 2773 2838 2917 2945 3109 3155 3563 3614 3645 3804 3882 3935 4189 4431 4459 4522 4575 4593 4617 4628 4770 4792 4801 4840 4865 4929 4947 5121 5140 5161 5176 5279 5380 5397 5434 5508 5517 5613 5690 5734 5776 5789 5804 5819 5829 5867 5884 6008 6044 6082 6229 16940 16941 16943 16945 16948 16963 16964 16966 16997 17002 17003 17007 17016 17017 17027 17028 17048 17049 17055 17056 17061 17062 17065 17080 17081 17092 17093 17097 17098 17099 17100 17104 17113 17118 17126 17127 17133 17134 17135 17143 17144 17145 17150 17163 17164 17172 17173 17186 17187 17188 17192 17205 17216 17217 17218 17221 17226 17232 17233 17248 17249 17253 17254 17261 17262 17263 17280 17284 17285 17291 17292 17298 17308 17309 17310 17315 17320 17329 17341 17350 17351 17364 17365 17368 17375 17380 17385 17392 17398 17401 17402 17408 17423 17427 17437 17438 17453 17458 17462 17469 17470 17485 17486 17491 17492 17503 17504 17505 17506 17521 17526 17527 17533 17536 17537 17566 17567 17570 17585 17594 17599 17611 17617 
	}
	history = {
		buildings = {
			infrastructure = 1
		}
		owner = DWA
		add_core_of = DWA
	}
	manpower=1
	state_category = large_planet
	buildings_max_level_factor=1.000
	local_supplies=0.000
}
