
state={
	id=63
	name="STATE_63"
	provinces={
		37 181 184 528 619 637 837 857 1099 1112 1152 1158 1260 1306 1442 1613 1642 1800 1877 2187 2259 2377 2539 2563 2719 2848 2957 3086 3646 3651 3757 3853 4078 4141 4328 4481 4555 4572 4620 4736 4768 4870 4917 5090 5097 5215 5245 5308 5402 5442 5461 5476 5531 5541 5637 5803 6042 6128 6187 16188 16189 16193 16198 16199 16209 16216 16220 16221 16224 16225 16227 16235 16238 16239 16244 16245 16250 16254 16255 16256 16261 16263 16266 16267 16273 16274 16275 16279 16280 16281 16287 16289 16290 16294 16295 16298 16300 16301 16304 16305 16307 16314 16315 16317 16319 16320 16322 16327 16328 16331 16337 16338 16339 16344 16345 16346 16347 16351 16352 16360 16365 16371 16372 16373 16374 16375 16376 16380 16381 16382 16387 16393 16395 16396 16397 16398 16401 16402 16403 16410 16411 16415 16417 16418 16419 16420 16422 16425 16427 16428 16429 16432 16434 16435 16436 16437 16440 16441 16442 16444 16445 16446 16447 16449 16452 16454 16455 16456 16457 16458 16459 16460 16461 16462 16463 16464 16465 16466 16470 16472 16473 16475 16476 16477 16479 16485 16487 16488 16490 16491 16493 16494 16498 16499 16501 16502 16504 16505 16506 16507 16508 16509 16512 16516 16518 16521 16522 16523 16524 16527 16530 
	}
	resources={
		#credits=4
	}
	history = {
		buildings = {

			# radar_station = #Tracking Station

			# #credits_building = #Trading Hubs

			# minerals_refinery = #Mineral Refinery

			# synthetic_refinery = #Tibanna Refinery

			# anti_air_building = #Planetary Shields

			# industrial_complex = #Civilian Factories

			# arms_factory = #Military Factories

			# dockyard = #Shipyard

			# infrastructure = 1#Infrastructure

			# air_base = 1#Small Spaceports



			16209 = {
				naval_base = 3
			}
		}
		owner = HTT
		add_core_of = HTT
	}
	manpower = 1603234
	state_category = large_planet
	buildings_max_level_factor=1.000
	local_supplies=0.000
}
