
state={
	id=64
	name="STATE_64"
	provinces={
		16 121 154 183 274 287 425 440 555 595 644 693 719 726 731 786 827 908 950 1086 1170 1214 1275 1354 1445 1472 1569 1580 1627 1676 1721 1775 1838 1880 2297 2305 2431 2574 2776 2802 2823 3060 3061 3097 3127 3144 3187 3211 3237 3283 3444 3681 3736 3860 4412 4415 4820 4922 4933 5212 5316 5342 5352 5357 5488 5648 5688 5752 5837 5865 5894 5962 13379 13380 13391 13399 13403 13424 13440 13441 13449 13458 13472 13485 13495 13503 13507 13508 13509 13515 13522 13523 13542 13546 13551 13552 13555 13565 13566 13567 13585 13586 13591 13592 13598 13602 13605 13608 13613 13619 13626 13629 13630 13631 13634 13635 13639 13645 13646 13651 13655 13658 13659 13660 13661 13664 13669 13676 13677 13685 13692 13693 13699 13700 13707 13712 13721 13722 13732 13737 13740 13744 13745 13747 13757 13760 13773 13774 13775 13776 13777 13787 13794 13800 13809 13810 13816 13817 13840 13846 13860 13862 13867 13875 13881 13890 13893 13895 13897 13915 13916 13920 13921 13928 13932 13933 13937 13953 13954 13962 13967 13973 13991 14001 14009 14010 14011 14016 14017 14024 14053 14058 14061 14084 14089 14094 
	}
	resources={
	credits=1
	}
	history = {
		buildings = {
			infrastructure = 1
		}
		owner = MAN
		add_core_of = MAN
	}
	manpower=1
	state_category = large_planet
	buildings_max_level_factor=1.000
	local_supplies=0.000
}
