
state={
	id=65
	name="STATE_65"
	provinces={
		170 226 465 625 642 648 677 754 797 1185 1283 1352 1394 1574 1733 1796 1921 1924 1970 1987 2021 2081 2091 2148 2335 2396 2596 2742 2780 2839 2860 2926 3004 3009 3012 3129 3561 3613 3630 3664 3787 3823 3971 4205 4244 4259 4446 4457 4494 4548 4642 4738 4749 4797 4843 5016 5085 5165 5252 5276 5326 5365 5407 5605 5702 5901 5981 6243 12696 12704 12732 12737 12738 12749 12757 12761 12769 12774 12775 12776 12790 12798 12799 12805 12806 12816 12821 12822 12824 12827 12830 12831 12832 12838 12843 12848 12857 12860 12863 12864 12876 12879 12880 12881 12882 12884 12885 12891 12892 12893 12897 12900 12901 12903 12904 12906 12907 12908 12910 12911 12913 12914 12917 12918 12920 12921 12925 12926 12927 12933 12934 12938 12939 12940 12943 12945 12948 12949 12952 12954 12955 12960 12972 12973 12975 12976 12984 12986 12991 12995 12996 12997 12998 13009 13010 13013 13016 13017 13020 13025 13026 13027 13029 13030 13031 13041 13042 13047 13048 13049 13053 13056 13065 13066 13073 13078 13081 13082 13089 13093 13094 13100 13101 13107 13108 13109 13114 13122 13129 13130 13131 13137 13141 13142 13152 
	}
	history = {
		buildings = {
			infrastructure = 1
		}
		owner = REP
		add_core_of = REP
	}
	manpower=1
	state_category = large_planet
	buildings_max_level_factor=1.000
	local_supplies=0.000
}
