
state={
	id=67
	name="STATE_67"
	provinces={
		199 327 460 520 562 567 569 869 875 959 1015 1204 1237 1273 1355 1457 1483 1649 1678 1731 1897 1910 1925 2016 2118 2218 2382 2427 3025 3105 3532 3643 3663 3753 3835 3881 3899 3957 4034 4117 4307 4423 4501 4594 4748 4869 5064 5158 5167 5174 5232 5256 5450 5671 5881 5892 5898 5961 6000 6062 6107 6113 6226 13194 13203 13213 13215 13216 13227 13230 13231 13234 13236 13237 13238 13245 13258 13259 13260 13266 13267 13278 13279 13290 13291 13296 13302 13303 13305 13310 13311 13313 13314 13321 13327 13328 13336 13337 13340 13341 13342 13350 13351 13357 13364 13376 13377 13384 13385 13386 13390 13408 13409 13410 13417 13418 13421 13422 13429 13430 13436 13437 13446 13447 13448 13461 13465 13466 13476 13477 13478 13483 13487 13491 13492 13493 13494 13501 13513 13520 13528 13533 13537 13538 13539 13540 13541 13558 13559 13576 13577 13578 13579 13590 13596 13601 13604 13612 13618 13628 13633 13637 13648 13654 13663 13667 13671 13675 13678 13683 13688 13689 13690 13697 13701 13705 13711 13717 13718 13719 13729 13736 13746 13751 13752 13753 13759 13772 13784 13791 13796 13797 13798 13806 13821 13829 13830 13838 13839 13843 13856 
	}
	history = {
		buildings = {
			infrastructure = 1
		}
		owner = REP
		add_core_of = REP
	}
	manpower=1
	state_category = large_planet
	buildings_max_level_factor=1.000
	local_supplies=0.000
}
