
state={
	id=68
	name="STATE_68"
	provinces={
		51 73 260 294 318 406 531 550 729 912 970 1049 1062 1201 1491 1656 1709 1737 1769 1915 2112 2214 2409 2497 2675 2706 2712 2975 3203 3359 3401 3491 3690 3791 3806 3885 3901 3965 4159 4314 4533 4741 4767 4854 4871 4886 4982 5037 5177 5260 5299 5396 5399 5406 5432 5599 5777 5831 6009 6072 6176 6236 14760 14761 14765 14769 14770 14774 14775 14777 14780 14781 14782 14783 14784 14785 14786 14787 14788 14789 14790 14791 14792 14795 14796 14797 14799 14800 14802 14803 14804 14806 14807 14808 14810 14811 14812 14815 14816 14817 14821 14822 14823 14824 14825 14826 14833 14836 14837 14838 14839 14840 14841 14843 14845 14848 14850 14851 14853 14857 14858 14859 14865 14869 14870 14871 14872 14874 14875 14879 14880 14884 14885 14891 14892 14898 14902 14903 14904 14905 14910 14919 14920 14924 14925 14931 14932 14937 14946 14947 14950 14951 14956 14957 14958 14960 14969 14970 14974 14982 14984 14985 14986 15005 15014 15022 15031 15032 15033 15042 15043 15069 15073 15074 15078 15085 15086 15090 15091 15119 15120 15125 15142 15143 15150 15163 15166 15173 15179 15188 15190 15191 15206 15207 15211 15212 15242 15247 15266 15292 15293 15294 
	}
	resources={
		aluminium=2#Minerals
	}
	history = {
		buildings = {
			infrastructure = 1
		}
		owner = BKJ
		add_core_of = BKJ
	}
	manpower=1
	state_category = large_planet
	buildings_max_level_factor=1.000
	local_supplies=0.000
}
