
state={
	id=69
	name="STATE_69"
	provinces={
		83 87 237 357 386 514 609 1031 1407 1711 1918 2045 2134 2160 2328 2485 2537 2762 2994 3177 3270 3312 3464 3494 3550 3669 3818 3954 4033 4059 4150 4210 4283 4358 4453 4500 4502 4505 4633 4856 4861 5261 5654 5698 5879 5920 5939 5948 5998 6068 6177 6219 6273 13650 13657 13668 13672 13679 13684 13691 13698 13702 13703 13706 13715 13720 13726 13730 13731 13742 13743 13754 13755 13756 13765 13780 13782 13786 13792 13793 13799 13808 13815 13823 13824 13827 13828 13836 13837 13851 13852 13853 13857 13858 13859 13866 13870 13871 13874 13879 13880 13887 13888 13889 13892 13896 13902 13903 13904 13905 13910 13913 13914 13917 13918 13919 13927 13931 13936 13941 13945 13946 13947 13950 13951 13952 13961 13977 13978 13985 13986 13989 13990 13993 13999 14000 14006 14007 14008 14015 14023 14031 14039 14040 14041 14044 14050 14051 14052 14057 14060 14065 14073 14074 14075 14078 14079 14082 14083 14088 14093 14097 14103 14104 14107 14108 14109 14111 14116 14120 14127 14128 14137 14138 14142 14143 14148 14156 14158 14159 14164 14167 14168 14171 14173 14174 14180 14181 14182 14188 14190 14195 14199 14207 14208 14216 14217 14227 14228 14232 14244 14245 14255 14257 14269 14276 14281 14287 14311 14316 14317 
	}
	history = {
		buildings = {
			infrastructure = 1
		}
		owner = DKJ
		add_core_of = DJK
	}
	manpower=1
	state_category = large_planet
	buildings_max_level_factor=1.000
	local_supplies=0.000
}
