
state={
	id=70
	name="STATE_70"
	provinces={
		93 166 334 417 431 599 615 641 735 845 846 876 920 965 1114 1385 1408 1410 1428 1452 1554 1620 1654 1830 2023 2121 2131 2268 2300 2469 2722 2774 2845 3006 3050 3102 3183 3260 3285 3316 3820 3895 4016 4085 4087 4113 4300 4390 4560 4579 4636 4893 4997 5062 5272 5336 5480 5667 5759 5766 5790 5974 6116 6191 6227 12174 12176 12180 12193 12199 12202 12204 12211 12218 12228 12229 12234 12235 12238 12246 12257 12259 12262 12266 12273 12283 12286 12287 12289 12292 12301 12302 12307 12308 12317 12318 12322 12328 12329 12330 12331 12338 12350 12356 12361 12362 12372 12373 12379 12380 12387 12391 12392 12395 12401 12412 12420 12421 12422 12431 12442 12445 12446 12447 12448 12451 12458 12468 12469 12472 12473 12480 12484 12485 12498 12502 12503 12504 12507 12509 12513 12515 12522 12523 12527 12530 12531 12547 12551 12552 12553 12559 12568 12574 12575 12581 12582 12583 12584 12588 12589 12590 12596 12606 12607 12612 12613 12614 12617 12620 12624 12625 12629 12641 12642 12646 12647 12650 12658 12659 12660 12665 12666 12669 12676 12679 12689 12693 12706 12707 12711 12721 12722 12741 12742 12743 12762 
	}
	resources={
		credits=2
	}
	history = {
		buildings = {
			# radar_station = #Tracking Station
			# credits_building = #Trading Hubs
			# minerals_refinery = #Mineral Refinery
			# synthetic_refinery = #Tibanna Refinery
			# anti_air_building = #Planetary Shields
			# industrial_complex = #Civilian Factories
			# arms_factory = #Military Factories
			# dockyard = #Shipyard
			# infrastructure = 1#Infrastructure
			# air_base = 1#Small Spaceports


			4016 = {
				naval_base = 3
			}
		}
		owner = DKJ
		add_core_of = DKJ
	}
	manpower=1
	state_category = large_planet
	buildings_max_level_factor=1.000
	local_supplies=0.000
}
