
state={
	id=71
	name="STATE_71"
	provinces={
		82 99 275 304 506 727 799 813 899 967 1131 1133 1424 1505 1529 1616 1648 1847 1933 2087 2120 2132 2283 2375 2542 2655 2684 2728 3131 3189 3442 3522 3545 3649 3673 3856 3876 4013 4100 4164 4174 4271 4476 4592 4653 4724 4798 4851 5043 5148 5224 5255 5340 5426 5466 5629 5632 5699 5749 5796 5900 6278 12573 12587 12593 12595 12605 12611 12618 12619 12623 12638 12644 12645 12649 12656 12657 12675 12684 12685 12688 12692 12697 12705 12710 12713 12720 12725 12726 12730 12739 12740 12746 12747 12750 12751 12765 12770 12771 12777 12778 12782 12783 12787 12791 12792 12800 12802 12807 12808 12809 12815 12817 12818 12823 12825 12828 12833 12839 12840 12844 12845 12849 12850 12851 12853 12858 12859 12861 12865 12868 12871 12872 12873 12874 12883 12886 12887 12888 12889 12894 12895 12898 12899 12905 12909 12912 12915 12916 12919 12922 12923 12924 12928 12929 12930 12931 12932 12935 12936 12937 12941 12942 12944 12950 12953 12956 12957 12958 12959 12961 12962 12965 12968 12974 12977 12982 12987 12993 12999 13000 13001 13003 13005 13006 13007 13014 13015 13021 13022 13023 13028 13033 13036 13037 13043 13044 13050 13057 13058 13062 
	}
	resources={
		tungsten=2#Bacta
		#credits=1
	}
	history = {
		buildings = {

			# radar_station = #Tracking Station

			# #credits_building = #Trading Hubs

			# minerals_refinery = #Mineral Refinery

			# synthetic_refinery = #Tibanna Refinery

			# anti_air_building = #Planetary Shields

			# industrial_complex = #Civilian Factories

			# arms_factory = #Military Factories

			# dockyard = #Shipyard

			# infrastructure = 1#Infrastructure

			# air_base = 1#Small Spaceports



			3545 = {
				naval_base = 3
			}
		}
		owner = QKJ
		add_core_of = QKJ
	}
	manpower = 1982591
	state_category = large_planet
	buildings_max_level_factor=1.000
	local_supplies=0.000
}
