
state={
	id=72
	name="STATE_72"
	provinces={
		49 123 190 324 403 529 612 720 745 906 968 973 1248 1280 1314 1400 1435 1439 1535 1827 1889 2082 2276 2323 2327 2601 2796 2891 2911 2939 2987 3008 3079 3120 3137 3338 3352 3358 3397 3402 3525 3754 3763 3770 3821 3903 3983 4029 4039 4091 4092 4114 4142 4145 4173 4565 4655 4716 4730 4786 4837 4941 4959 5193 5199 5201 5351 5719 5809 5896 5959 6050 6074 6271 12027 12033 12034 12042 12051 12062 12065 12077 12079 12086 12094 12095 12099 12100 12102 12105 12112 12113 12114 12118 12119 12128 12131 12132 12133 12139 12146 12149 12150 12154 12155 12156 12171 12173 12175 12179 12184 12188 12189 12190 12198 12201 12203 12208 12209 12210 12216 12217 12220 12221 12227 12233 12237 12243 12244 12245 12250 12261 12264 12265 12269 12271 12272 12278 12282 12285 12295 12299 12300 12306 12315 12316 12321 12324 12337 12346 12348 12349 12354 12355 12359 12360 12365 12371 12378 12382 12385 12386 12390 12394 12406 12407 12408 12409 12410 12411 12414 12418 12419 12438 12441 12450 12466 12467 12471 12476 12477 12478 12479 12490 12491 12497 12500 12501 12506 12512 12525 12526 12534 12546 12550 
	}
	resources={
		credits=2
	}
	history = {
		buildings = {

			# radar_station = #Tracking Station

			# credits_building = #Trading Hubs

			# minerals_refinery = #Mineral Refinery

			# synthetic_refinery = #Tibanna Refinery

			# anti_air_building = #Planetary Shields

			# industrial_complex = #Civilian Factories

			# arms_factory = #Military Factories

			# dockyard = #Shipyard

			# infrastructure = 1#Infrastructure

			# air_base = 1#Small Spaceports



			4114 = {
				naval_base = 3
			}
		}
		owner = GKJ
		add_core_of = GKJ
	}
	manpower = 640014
	state_category = large_planet
	buildings_max_level_factor=1.000
	local_supplies=0.000
}
