
state={
	id=74
	name="STATE_74"
	provinces={
		59 118 415 549 584 687 962 1157 1222 1286 1359 1497 1946 2014 2032 2206 2273 2292 2359 2448 2495 2570 2818 2835 2863 3038 3085 3239 3297 3403 3404 3543 3730 3865 3902 3905 3932 3944 3981 4070 4106 4195 4272 4302 4387 4400 4401 4954 5026 5046 5060 5141 5354 5732 5783 5841 5978 6005 6061 6145 6213 6228 6234 6268 10976 10977 10984 10989 10991 10998 10999 11002 11007 11009 11010 11013 11019 11027 11028 11030 11036 11039 11040 11042 11050 11051 11053 11054 11056 11057 11059 11062 11063 11064 11070 11072 11075 11076 11077 11078 11080 11081 11083 11085 11090 11091 11094 11095 11096 11098 11099 11100 11101 11103 11104 11107 11112 11113 11114 11117 11118 11122 11123 11125 11126 11127 11131 11134 11135 11136 11139 11143 11145 11146 11150 11151 11155 11159 11160 11161 11166 11167 11168 11172 11173 11175 11179 11180 11184 11185 11186 11188 11189 11193 11200 11204 11205 11209 11210 11213 11214 11215 11217 11218 11224 11230 11237 11238 11239 11244 11245 11249 11254 11255 11257 11263 11264 11269 11272 11276 11279 11280 11288 11289 11292 11294 11305 11309 11310 11313 11323 11328 11332 11342 11343 11351 11366 11371 11379 11385 11394 11401 
	}
	resources={
	credits=1
	}
	history = {
		buildings = {
			infrastructure = 1
		}
		owner = CIS
		add_core_of = CIS
	}
	manpower=1
	state_category = large_planet
	buildings_max_level_factor=1.000
	local_supplies=0.000
}
