
state={
	id=75
	name="STATE_75"
	provinces={
		60 144 251 288 594 598 646 866 948 990 1006 1021 1123 1136 1147 1198 1287 1376 1387 1437 1450 1917 1922 1951 2103 2146 2263 2338 2678 2730 2752 2756 2996 3056 3150 3278 3436 3656 3875 3896 3934 4018 4021 4178 4246 4263 4267 4379 4416 4573 4645 4737 4969 5125 5132 5190 5247 5269 5333 5470 5552 5653 5740 5747 5774 6235 6266 10402 10403 10418 10422 10429 10437 10442 10447 10460 10465 10471 10481 10488 10493 10505 10506 10511 10519 10520 10524 10525 10531 10536 10540 10541 10549 10551 10552 10558 10559 10564 10576 10577 10578 10580 10581 10587 10588 10593 10594 10607 10609 10611 10612 10613 10616 10622 10623 10629 10638 10643 10644 10645 10649 10654 10659 10660 10664 10675 10677 10678 10681 10682 10687 10695 10696 10700 10701 10706 10714 10715 10716 10724 10732 10733 10734 10735 10737 10742 10747 10748 10754 10760 10767 10768 10770 10771 10787 10789 10790 10791 10798 10799 10800 10808 10809 10814 10815 10819 10820 10821 10822 10823 10824 10831 10832 10833 10837 10842 10847 10848 10849 10850 10854 10855 10856 10860 10864 10867 10868 10871 10873 10874 10875 10876 10882 10883 10890 10895 10896 10899 10901 10906 10907 10910 10912 10917 10922 
	}
	resources={
		aluminium=4#Minerals
	}
	history = {
		buildings = {

			# radar_station = #Tracking Station

			# #credits_building = #Trading Hubs

			# minerals_refinery = #Mineral Refinery

			# synthetic_refinery = #Tibanna Refinery

			# anti_air_building = #Planetary Shields

			# industrial_complex = #Civilian Factories

			# arms_factory = #Military Factories

			# dockyard = #Shipyard

			# infrastructure = 1#Infrastructure

			# air_base = 1#Small Spaceports



			10488 = {
				naval_base = 3
			}
		}
		owner = REP
		add_core_of = REP
	}
	manpower = 882513
	state_category = large_planet
	buildings_max_level_factor=1.000
	local_supplies=0.000
}
