
state={
	id=77
	name="STATE_77"
	provinces={
		72 133 245 405 676 701 763 788 976 1010 1219 1315 1345 1512 1960 1992 2031 2229 2236 2388 2767 2794 2833 2880 2920 3021 3243 3321 3433 3459 3485 3510 3544 3719 3814 3925 3938 3941 3966 4499 4780 4920 4956 5011 5051 5081 5155 5273 5307 5513 5696 5750 5765 5826 5929 5972 6087 6093 6108 6241 6276 9357 9358 9372 9375 9377 9382 9383 9394 9404 9405 9408 9409 9411 9412 9413 9420 9428 9429 9430 9442 9444 9445 9446 9447 9456 9461 9470 9471 9477 9483 9488 9493 9502 9505 9508 9514 9515 9518 9522 9529 9532 9537 9538 9539 9543 9551 9552 9553 9558 9559 9568 9569 9571 9575 9578 9579 9582 9583 9590 9591 9592 9600 9604 9608 9609 9616 9620 9621 9627 9632 9637 9638 9639 9644 9645 9648 9654 9655 9656 9657 9660 9661 9666 9668 9669 9670 9674 9675 9676 9681 9685 9686 9687 9688 9691 9692 9694 9695 9697 9698 9704 9705 9708 9711 9712 9715 9719 9728 9729 9737 9738 9747 9750 9751 9760 9761 9769 9770 9772 9773 9779 9787 9793 9797 9799 9800 9808 9809 9810 9813 9822 9823 9830 9841 9842 9852 9857 9858 9873 9876 9881 9886 9887 9908 9909 9915 
	}
	resources={
		steel=1#Alloys
		chromium=4#Circuitry
	}
	history = {
		buildings = {

			# radar_station = #Tracking Station

			# #credits_building = #Trading Hubs

			# minerals_refinery = #Mineral Refinery

			# synthetic_refinery = #Tibanna Refinery

			# anti_air_building = #Planetary Shields

			# industrial_complex = #Civilian Factories

			# arms_factory = #Military Factories

			# dockyard = #Shipyard

			# infrastructure = 1#Infrastructure

			# air_base = 1#Small Spaceports



			2833  = {
				naval_base = 3
			}
		}
		owner = MNC
		add_core_of = MNC
	}
	manpower = 7038320
	state_category = large_planet
	buildings_max_level_factor=1.000
	local_supplies=0.000
}
