
state={
	id=78
	name="STATE_78"
	provinces={
		255 302 634 766 809 836 1105 1113 1161 1223 1344 1490 1581 1684 1784 1829 1832 1894 2155 2244 2304 2813 2877 3016 3089 3190 3252 3254 3281 3500 3535 3626 3638 3688 3752 3783 3810 3850 3897 3913 4005 4170 4422 4632 4647 4649 4709 4731 4811 4855 4960 4979 5147 5231 5339 5557 5598 5604 5608 5620 5639 5655 5725 6010 6016 6032 6048 6076 6103 6214 6231 9303 9307 9329 9330 9331 9336 9337 9340 9341 9353 9361 9370 9381 9386 9392 9393 9399 9403 9410 9415 9416 9419 9427 9433 9434 9452 9453 9454 9455 9459 9460 9468 9469 9475 9476 9482 9486 9487 9492 9500 9501 9504 9506 9507 9512 9513 9517 9521 9527 9528 9535 9536 9542 9548 9549 9550 9557 9563 9564 9566 9567 9581 9588 9589 9593 9598 9599 9603 9607 9615 9625 9626 9631 9634 9635 9636 9643 9647 9649 9653 9658 9659 9665 9672 9673 9679 9680 9682 9683 9684 9689 9690 9693 9696 9700 9701 9703 9707 9710 9713 9714 9718 9722 9723 9724 9731 9732 9735 9736 9743 9744 9749 9756 9757 9767 9768 9776 9777 9778 9782 9789 9792 9802 9812 9816 9829 9837 9851 
	}
	history = {
		buildings = {
			infrastructure = 1
		}
		owner = CIS
		add_core_of = CIS
	}
	manpower=1
	state_category = large_planet
	buildings_max_level_factor=1.000
	local_supplies=0.000
}
