
state={
	id=79
	name="STATE_79"
	provinces={
		194 345 367 469 516 551 572 653 685 783 789 1134 1218 1298 1335 1444 1454 1538 1579 1665 1722 1831 1878 1882 1914 2074 2126 2301 2324 2424 2568 2586 2797 2836 2907 2915 2988 3024 3106 3126 3166 3319 3378 3415 3454 3469 3571 3606 3621 4027 4046 4063 4086 4184 4421 4471 4684 4833 4847 4879 4977 4994 5022 5115 5117 5126 5267 5454 5524 5529 5578 5651 5810 6002 8526 8531 8532 8540 8541 8548 8552 8556 8561 8563 8566 8567 8573 8578 8580 8581 8584 8585 8589 8590 8591 8597 8602 8603 8610 8611 8614 8620 8623 8627 8634 8635 8641 8642 8643 8646 8648 8649 8652 8656 8657 8658 8664 8668 8671 8672 8677 8678 8679 8684 8688 8690 8694 8698 8706 8707 8708 8709 8710 8711 8713 8718 8719 8728 8729 8730 8734 8735 8742 8750 8756 8762 8769 8777 8782 8786 8787 8788 8796 8797 8804 8811 8814 8815 8820 8821 8833 8834 8851 8852 8853 8854 8862 8873 8874 8883 8886 8902 8903 8914 8915 8925 8930 8937 8942 8943 8952 8958 8959 8960 8968 8969 8976 8981 8986 8989 8992 8994 9009 9010 9025 9026 9036 
	}
	history = {
		buildings = {
			infrastructure = 1
		}
		owner = REP
		add_core_of = REP
	}
	manpower=1
	state_category = large_planet
	buildings_max_level_factor=1.000
	local_supplies=0.000
}
