
state={
	id=80
	name="STATE_80"
	provinces={
		124 151 211 375 395 739 862 883 929 945 1098 1163 1393 1421 1473 1537 1586 1664 1700 1728 1781 1837 2142 2216 2456 2478 2726 2819 2903 2947 3172 3549 3702 3739 3889 3923 3949 3950 3959 3963 3980 4038 4096 4163 4312 4376 4427 4456 4487 4531 4557 4925 4989 5000 5106 5123 5204 5348 5372 5444 5576 5607 5668 5730 5763 5812 5913 5993 6144 6146 6168 6237 6254 8740 8741 8749 8760 8761 8768 8776 8785 8791 8803 8810 8813 8817 8818 8819 8822 8826 8830 8831 8832 8844 8849 8850 8861 8864 8865 8872 8882 8885 8892 8900 8901 8905 8909 8913 8921 8922 8941 8946 8947 8951 8956 8957 8974 8975 8980 8985 8988 9001 9002 9003 9008 9014 9015 9016 9020 9035 9038 9040 9041 9045 9046 9054 9057 9061 9062 9064 9066 9075 9077 9078 9081 9086 9092 9093 9096 9097 9100 9101 9102 9103 9105 9106 9113 9119 9120 9122 9128 9129 9134 9138 9144 9145 9146 9149 9154 9155 9156 9157 9166 9167 9171 9178 9188 9189 9194 9195 9212 9218 9219 9220 9223 9224 9227 9247 9248 9253 9255 9256 9257 9277 9278 
	}
	resources={
		oil=2#Fuel
		tungsten=3#Bacta
		credits=2
	}
	history = {
		buildings = {
			# radar_station = #Tracking Station
			# credits_building = #Trading Hubs
			# minerals_refinery = #Mineral Refinery
			# synthetic_refinery = #Tibanna Refinery
			# anti_air_building = #Planetary Shields
			# industrial_complex = #Civilian Factories
			# arms_factory = #Military Factories
			# dockyard = #Shipyard
			# infrastructure = 1#Infrastructure
			# air_base = 1#Small Spaceports


			8740 = {
				naval_base = 3
			}
		}
		owner = CIS
		add_core_of = CIS
	}
	manpower=1
	state_category = large_planet
	buildings_max_level_factor=1.000
	local_supplies=0.000
}
