
state={
	id=82
	name="STATE_82"
	provinces={
		101 149 222 441 524 733 860 916 1094 1334 1568 1673 1734 1766 1892 2033 2059 2097 2156 2249 2393 2429 2445 2731 2737 3046 3094 3170 3238 3280 3329 3376 3383 3590 3655 3684 3811 3812 3845 3986 4042 4080 4132 4201 4216 4247 4253 4255 4262 4290 4549 4581 4701 4722 5034 5065 5208 5301 5331 5394 5395 5403 5404 5574 5716 5764 6006 6065 6208 9780 9781 9791 9796 9804 9805 9806 9814 9815 9828 9836 9840 9846 9850 9865 9867 9868 9872 9875 9885 9891 9892 9893 9894 9899 9904 9905 9906 9907 9919 9920 9921 9926 9932 9936 9939 9940 9943 9944 9945 9948 9953 9961 9962 9970 9974 9975 9977 9978 9979 9984 9991 9992 9999 10002 10005 10006 10007 10014 10015 10020 10021 10028 10030 10033 10034 10036 10040 10048 10049 10062 10070 10071 10075 10082 10083 10089 10090 10102 10103 10107 10111 10112 10118 10119 10120 10121 10127 10128 10138 10141 10144 10145 10149 10155 10156 10165 10172 10173 10181 10182 10186 10192 10193 10194 10207 10210 10221 10222 10223 10224 10226 10235 10241 10251 10258 10272 10273 10282 10283 10299 10305 10308 10309 10316 10330 10338 10345 10351 10368 10382 
	}
	resources={
		credits=1
	}
	history = {
		buildings = {
			infrastructure = 1
		}
		owner = REP
		add_core_of = REP
	}
	manpower=1
	state_category = large_planet
	buildings_max_level_factor=1.000
	local_supplies=0.000
}
