
state={
	id=83
	name="STATE_83"
	provinces={
		5 34 44 265 267 352 380 412 536 753 991 1401 1416 1448 1465 1488 1573 1698 1753 1932 1993 2105 2219 2274 2384 2422 2525 2587 2746 2779 2789 2830 2948 3074 3214 3231 3507 3652 3898 3904 3917 3928 4008 4044 4120 4305 4364 4365 4441 4465 4629 4654 4789 4890 4944 5004 5274 5285 5330 5400 5443 5594 5807 5814 6007 6090 6091 7538 7545 7552 7561 7568 7569 7570 7574 7582 7592 7600 7601 7605 7606 7611 7616 7617 7620 7632 7633 7640 7641 7642 7650 7651 7658 7667 7673 7674 7682 7683 7690 7691 7692 7693 7694 7713 7714 7719 7722 7723 7724 7738 7742 7748 7749 7754 7755 7762 7765 7781 7782 7785 7790 7802 7805 7806 7808 7809 7810 7813 7816 7822 7826 7833 7839 7842 7843 7845 7850 7858 7864 7868 7869 7879 7880 7882 7883 7884 7892 7893 7895 7904 7905 7908 7914 7924 7925 7926 7927 7932 7936 7937 7949 7950 7957 7958 7964 7965 7972 7973 7978 7983 7990 7991 8001 8011 8012 8017 8018 8025 8026 8030 8031 8039 8043 8049 8050 8053 8069 8070 8071 8077 8081 8082 8104 8107 8113 8114 8115 8150 8154 8159 
	}
	resources={
		aluminium=2#Minerals
		credits=3
	}
	history = {
		buildings = {

			# radar_station = #Tracking Station

			# credits_building = #Trading Hubs

			# minerals_refinery = #Mineral Refinery

			# synthetic_refinery = #Tibanna Refinery

			# anti_air_building = #Planetary Shields

			# industrial_complex = #Civilian Factories

			# arms_factory = #Military Factories

			# dockyard = #Shipyard

			# infrastructure = 1#Infrastructure

			# air_base = 1#Small Spaceports



			7616 = {
				naval_base = 3
			}
		}
		owner = ZGY
		add_core_of = ZGY
	}
	manpower = 541200
	state_category = large_planet
	buildings_max_level_factor=1.000
	local_supplies=0.000
}
