
state={
	id=85
	name="STATE_85"
	provinces={
		65 155 200 210 340 387 626 682 740 808 848 867 979 982 1012 1463 1689 1999 2049 2099 2154 2215 2285 2321 2521 2735 2886 2900 2929 2934 2946 3001 3034 3035 3059 3065 3262 3363 3366 3598 3659 3691 3714 3795 3801 4047 4068 4144 4242 4317 4334 4352 4484 4559 4675 4807 4864 5007 5076 5186 5460 5472 5787 6121 6156 7190 7198 7205 7212 7230 7238 7244 7253 7266 7276 7277 7282 7290 7305 7306 7323 7324 7325 7326 7331 7332 7352 7357 7368 7369 7370 7371 7373 7374 7384 7387 7388 7398 7399 7401 7402 7407 7408 7410 7411 7416 7423 7424 7427 7428 7432 7434 7435 7439 7441 7442 7445 7446 7449 7455 7460 7461 7462 7464 7467 7470 7471 7472 7474 7478 7479 7484 7486 7490 7491 7492 7493 7495 7496 7502 7503 7511 7514 7515 7516 7518 7521 7525 7530 7531 7532 7543 7544 7547 7554 7559 7560 7566 7567 7573 7580 7581 7584 7585 7589 7590 7591 7599 7603 7604 7610 7614 7615 7618 7619 7624 7625 7631 7638 7639 7649 7654 7655 7661 7671 7672 7681 7688 7689 7707 7710 7712 7726 7727 7728 7735 7741 7753 7760 7761 7773 7775 7780 
	}
	history = {
		buildings = {
			infrastructure = 1
		}
		owner = ZYG
		add_core_of = ZYG
	}
	manpower=1
	state_category = large_planet
	buildings_max_level_factor=1.000
	local_supplies=0.000
}
