
state={
	id=87
	name="STATE_87"
	provinces={
		18 21 77 152 176 208 213 235 320 369 383 512 530 564 576 706 889 921 1213 1281 1368 1425 1494 1504 1524 1563 1670 1756 2053 2117 2122 2140 2182 2385 2440 2829 2847 2873 3133 3279 3303 3350 3373 3437 3441 3533 3603 3622 3671 3958 3972 4316 4340 4356 4360 4458 4612 4720 4971 5078 5096 5133 5184 5196 5221 5237 5309 5310 5356 5387 5571 5683 5755 5834 5908 5922 6130 6175 6181 6202 6216 6475 6476 6478 6482 6488 6493 6501 6502 6505 6516 6527 6528 6530 6533 6535 6538 6542 6543 6544 6547 6548 6551 6554 6557 6563 6564 6565 6567 6568 6572 6581 6582 6586 6587 6588 6590 6600 6601 6606 6607 6612 6613 6614 6616 6617 6628 6629 6630 6631 6634 6635 6637 6642 6653 6656 6657 6661 6664 6674 6675 6676 6680 6681 6687 6693 6697 6703 6709 6719 6723 6726 6732 6734 6742 6746 6747 6757 6763 6772 6778 6779 6785 6791 6801 6822 6823 6829 6842 6843 6864 6870 6877 6878 6879 6888 6893 6904 6907 6912 6914 6915 6922 6926 6934 6946 6955 6957 6990 6991 7000 7013 7021 7030 
	}
	resources={
		credits=4
	}
	history = {
		buildings = {

			# radar_station = #Tracking Station

			# credits_building = #Trading Hubs

			# minerals_refinery = #Mineral Refinery

			# synthetic_refinery = #Tibanna Refinery

			# anti_air_building = #Planetary Shields

			# industrial_complex = #Civilian Factories

			# arms_factory = #Military Factories

			# dockyard = #Shipyard

			# infrastructure = 1#Infrastructure

			# air_base = 1#Small Spaceports



			6628 = {
				naval_base = 3
			}
		}
		owner = CSA
		add_core_of = CSA
	}
	manpower = 861766
	state_category = large_planet
	buildings_max_level_factor=1.000
	local_supplies=0.000
}
