
state={
	id=88
	name="STATE_88"
	provinces={
		19 26 43 295 426 490 527 542 669 703 715 725 791 891 956 1025 1040 1043 1068 1167 1208 1227 1230 1255 1406 1536 1546 1881 1928 2019 2044 2240 2348 2428 2520 2566 2612 2723 2727 2828 2923 2985 3091 3122 3148 3216 3309 3362 3400 3457 3460 3615 3647 3648 3703 3942 4128 4177 4325 4336 4430 4435 4529 4758 4874 4908 5219 5329 5490 5540 5593 5707 5735 5848 6018 6041 6153 6659 6679 6686 6692 6702 6718 6722 6733 6740 6741 6751 6755 6756 6761 6762 6769 6777 6784 6789 6790 6798 6799 6800 6814 6828 6836 6841 6846 6847 6848 6856 6857 6858 6876 6883 6891 6892 6898 6899 6903 6919 6920 6921 6933 6939 6940 6941 6965 6970 6971 6972 6978 6979 6986 6998 6999 7004 7007 7012 7019 7020 7029 7035 7036 7044 7049 7053 7054 7055 7056 7060 7061 7062 7071 7075 7082 7086 7087 7088 7089 7090 7096 7097 7098 7107 7132 7133 7134 7142 7143 7154 7163 7173 7181 7195 7210 7211 7219 7220 7229 7243 7252 7260 7265 7272 7273 7274 7275 7297 7303 7304 7319 7321 7322 7339 7344 7351 7364 7365 
	}
	resources={
		credits=1
	}
	history = {
		buildings = {
			infrastructure = 1
		}
		owner = REP
		add_core_of = REP
	}
	manpower=1
	state_category = large_planet
	buildings_max_level_factor=1.000
	local_supplies=0.000
}
