
state={
	id=89
	name="STATE_89"
	provinces={
		262 321 389 458 459 675 684 742 794 932 1011 1036 1470 1493 1751 1887 1962 1996 2001 2052 2243 2387 2564 2623 2680 2707 2724 2855 2958 3234 3258 3395 3432 3503 3572 3580 3589 3594 3600 3740 3744 3828 4026 4112 4124 4136 4182 4192 4227 4237 4473 4492 4538 4568 4618 4734 4740 4887 4953 5144 5154 5263 5304 5345 5355 5362 5381 5644 5793 5869 5995 7444 7447 7448 7454 7459 7463 7466 7473 7477 7481 7482 7483 7485 7489 7501 7505 7506 7508 7509 7510 7513 7517 7524 7526 7527 7529 7536 7537 7542 7546 7551 7553 7556 7557 7558 7571 7572 7577 7587 7588 7594 7595 7597 7598 7608 7609 7622 7623 7628 7629 7630 7646 7648 7659 7660 7664 7665 7666 7676 7677 7685 7686 7697 7700 7701 7702 7705 7706 7709 7711 7715 7716 7717 7718 7721 7725 7734 7737 7744 7745 7746 7747 7758 7759 7771 7772 7778 7779 7784 7792 7798 7799 7800 7801 7803 7804 7807 7825 7830 7831 7832 7838 7852 7853 7856 7857 7859 7860 7861 7867 7877 7878 7890 7891 7899 7900 7901 7907 7923 7931 7938 7939 7940 7943 7971 7980 7989 8000 8010 
	}
	resources={
	credits=1
	}
	history = {
		buildings = {
			infrastructure = 1
		}
		owner = CIS
		add_core_of = CIS
	}
	manpower=1
	state_category = large_planet
	buildings_max_level_factor=1.000
	local_supplies=0.000
}
