
state={
	id=90
	name="STATE_90"
	provinces={
		249 558 573 636 672 858 880 999 1008 1139 1186 1192 1340 1461 1477 1480 1526 1533 1565 1594 1608 1610 1634 1645 1677 1876 2158 2284 2438 2470 2484 2538 2600 2622 2624 2669 2769 2885 3180 3286 3327 3392 3639 3642 3689 3711 3771 3955 4064 4354 4428 4567 4685 4896 4921 4973 5164 5185 5302 5820 6063 6075 6218 6252 8137 8138 8142 8148 8149 8163 8164 8182 8188 8189 8190 8209 8213 8216 8220 8229 8235 8236 8240 8245 8246 8252 8253 8261 8263 8268 8277 8286 8287 8290 8296 8297 8303 8304 8311 8314 8315 8316 8320 8329 8330 8335 8340 8341 8346 8352 8353 8360 8363 8369 8370 8377 8378 8382 8386 8387 8391 8399 8410 8414 8415 8416 8417 8419 8422 8423 8424 8430 8439 8441 8442 8443 8444 8445 8449 8450 8452 8453 8462 8466 8469 8472 8473 8475 8476 8480 8481 8487 8488 8492 8493 8495 8496 8497 8498 8499 8500 8507 8508 8510 8513 8514 8521 8524 8525 8529 8530 8536 8539 8544 8545 8546 8547 8549 8550 8551 8559 8560 8562 8564 8565 8572 8574 8575 8583 8594 8595 8599 8600 8609 8612 8613 8615 8616 8619 8622 8637 8638 8639 8640 8647 8654 8655 8663 
	}
	history = {
		buildings = {

			# radar_station = #Tracking Station

			# credits_building = #Trading Hubs

			# minerals_refinery = #Mineral Refinery

			# synthetic_refinery = #Tibanna Refinery

			# anti_air_building = #Planetary Shields

			# industrial_complex = #Civilian Factories

			# arms_factory = #Military Factories

			# dockyard = #Shipyard

			# infrastructure = 1#Infrastructure

			# air_base = 1#Small Spaceports



			1533 = {
				naval_base = 3
			}
		}
		owner = CIS
		add_core_of = CIS
	}
	manpower = 1013831
	state_category = large_planet
	buildings_max_level_factor=1.000
	local_supplies=0.000
}
