
state={
	id=92
	name="STATE_92"
	provinces={
		28 100 145 163 438 474 478 482 772 894 931 935 954 1318 1349 1374 1500 1660 1835 1859 1967 2080 2139 2153 2177 2194 2196 2199 2266 2275 2317 2318 2389 2455 2573 2631 2740 2790 2908 3017 3112 3226 3315 3349 3386 3518 3556 3677 3884 4012 4517 4615 4631 4672 4717 4764 4777 4824 4946 5130 5169 5178 5296 5451 5561 5686 5721 5802 5833 5999 8626 8629 8630 8645 8651 8662 8667 8669 8670 8673 8682 8683 8687 8691 8692 8693 8697 8704 8705 8712 8715 8716 8717 8721 8726 8727 8732 8733 8739 8746 8748 8752 8753 8757 8758 8759 8770 8774 8775 8778 8781 8784 8794 8795 8799 8800 8801 8802 8809 8825 8829 8838 8842 8846 8847 8848 8859 8860 8870 8871 8881 8889 8890 8891 8899 8919 8920 8924 8934 8935 8936 8939 8940 8945 8953 8954 8955 8964 8965 8967 8973 8979 8982 8983 8984 8987 8991 8999 9000 9006 9007 9013 9018 9019 9022 9024 9028 9032 9033 9034 9037 9044 9047 9049 9052 9053 9056 9059 9060 9065 9068 9072 9074 9076 9080 9085 9091 9095 9099 9111 9112 9126 9127 9142 9143 9151 9153 
	}
	manpower=0
	buildings_max_level_factor=1.000
	local_supplies=0.000
}
