
state={
	id=93
	name="STATE_93"
	provinces={
		81 333 338 349 409 510 540 592 812 925 1196 1244 1251 1329 1726 1864 1874 1913 1941 1957 1978 1981 2028 2150 2209 2257 2306 2363 2598 2670 2922 3068 3096 3139 3299 3326 3364 3409 3547 3592 3687 3879 3945 3947 4057 4077 4175 4209 4291 4293 4403 4439 4470 4521 4601 4688 5099 5173 5283 5388 5452 5479 5487 5815 5839 5850 5862 5882 6056 6143 6267 7929 7930 7942 7956 7962 7963 7968 7970 7988 7997 7999 8009 8016 8024 8029 8037 8038 8042 8056 8062 8063 8068 8075 8076 8080 8095 8100 8101 8102 8103 8112 8121 8122 8129 8136 8141 8145 8146 8147 8158 8169 8174 8175 8176 8181 8186 8187 8201 8208 8212 8218 8219 8226 8227 8228 8239 8244 8250 8251 8256 8259 8260 8273 8274 8275 8276 8282 8285 8289 8299 8302 8309 8310 8318 8319 8322 8328 8332 8333 8334 8345 8350 8351 8358 8359 8362 8366 8367 8376 8381 8390 8394 8397 8398 8403 8404 8408 8409 8412 8413 8427 8428 8429 8437 8438 8440 8448 8456 8461 8465 8468 8478 8479 8483 8485 8490 8491 8494 8501 8502 8506 8512 8516 8519 8520 8523 8527 8534 8535 8543 
	}
	manpower=0
	buildings_max_level_factor=1.000
	local_supplies=0.000
}
