
state={
	id=94
	name="STATE_94"
	provinces={
		1 62 128 135 193 355 420 475 481 537 835 850 934 939 978 992 1037 1128 1132 1168 1173 1194 1299 1336 1363 1417 1539 1558 1742 1836 1935 2186 2293 2421 2625 2647 2768 2846 2928 2938 3083 3697 3844 3848 4002 4298 4324 4578 4597 4711 4790 4805 4907 5032 5183 5243 5475 5535 5542 5596 5746 5760 6035 6158 6233 6247 6258 8504 8505 8509 8511 8517 8518 8522 8528 8533 8537 8538 8542 8553 8554 8555 8557 8558 8568 8569 8570 8571 8576 8577 8579 8582 8586 8587 8588 8592 8593 8596 8598 8601 8604 8605 8606 8607 8608 8617 8618 8621 8624 8625 8628 8631 8632 8633 8636 8644 8650 8653 8659 8660 8661 8665 8666 8674 8675 8676 8680 8681 8685 8686 8689 8695 8696 8699 8700 8701 8702 8703 8714 8720 8722 8723 8724 8725 8731 8736 8737 8738 8743 8744 8745 8747 8751 8754 8755 8765 8766 8767 8773 8779 8780 8789 8793 8806 8807 8808 8824 8828 8836 8837 8839 8840 8841 8857 8858 8863 8868 8869 8876 8877 8888 8896 8897 8898 8904 8907 8908 8918 8923 8929 8932 8933 8938 8962 8963 8971 8972 8997 8998 9005 9012 
	}
	resources={
		#credits=3
	}
	history = {
		buildings = {

			# radar_station = #Tracking Station

			# #credits_building = #Trading Hubs

			# minerals_refinery = #Mineral Refinery

			# synthetic_refinery = #Tibanna Refinery

			# anti_air_building = #Planetary Shields

			# industrial_complex = #Civilian Factories

			# arms_factory = #Military Factories

			# dockyard = #Shipyard

			# infrastructure = 1#Infrastructure

			# air_base = 1#Small Spaceports



			8839 = {
				naval_base = 3
			}
		}
		owner = CIS
		add_core_of = CIS
	}
	manpower = 728436
	state_category = large_planet
	buildings_max_level_factor=1.000
	local_supplies=0.000
}
