
state={
	id=96
	name="STATE_96"
	provinces={
		277 473 571 654 659 688 712 718 826 1034 1052 1055 1073 1097 1164 1282 1295 1311 1403 1456 1549 1617 1619 1628 1741 1961 2250 2291 2302 2590 2654 2751 2912 2977 3049 3064 3135 3228 3256 3259 3261 3357 3428 3462 3467 3476 3883 3891 3912 4166 4537 4659 4733 4783 4857 4931 4984 5008 5059 5271 5353 5379 5416 5482 5526 5657 5762 5847 5967 5989 6077 6115 9699 9702 9706 9709 9717 9720 9725 9726 9727 9730 9733 9734 9742 9745 9746 9748 9754 9755 9759 9763 9764 9765 9766 9784 9785 9786 9790 9795 9798 9811 9818 9819 9820 9821 9826 9827 9835 9838 9839 9845 9849 9853 9854 9855 9856 9864 9866 9870 9871 9874 9880 9883 9884 9888 9889 9890 9898 9902 9903 9914 9916 9922 9923 9925 9938 9942 9947 9952 9960 9964 9965 9966 9967 9968 9969 9983 9990 9995 9996 9997 10001 10008 10009 10019 10025 10026 10027 10042 10044 10047 10052 10053 10054 10060 10061 10064 10069 10080 10081 10087 10088 10093 10096 10097 10110 10116 10117 10124 10125 10126 10130 10131 10132 10151 10152 10153 10154 10163 10164 10170 10171 10190 10191 10197 10205 10206 10234 10240 10250 10257 10261 
	}
	resources={
		steel=4#Alloys
		chromium=1#Circuitry
		credits=3
	}
	history = {
		buildings = {
			infrastructure = 1
			10130 = {
				naval_base = 3
			}
		}
		owner = MAN
		add_core_of = MAN
	}
	manpower=1
	state_category = large_planet
	buildings_max_level_factor=1.000
	local_supplies=0.000
}
