
state={
	id=97
	name="STATE_97"
	provinces={
		2 103 120 179 187 229 271 285 450 847 969 1013 1033 1110 1111 1202 1530 1532 1585 1647 1658 1705 1755 1764 1786 1953 1955 2068 2212 2313 2330 2344 2360 2395 2401 2406 2463 2547 2584 2791 2844 2918 2943 2956 2972 3026 3149 3348 3483 3506 3790 3894 3967 3990 4048 4094 4139 4168 4243 4410 4433 4526 4541 4571 4625 4814 4867 4891 4902 5418 5467 5485 5520 5677 5824 5851 5870 5871 6171 6261 10248 10249 10260 10288 10294 10298 10312 10313 10319 10327 10328 10329 10337 10340 10349 10350 10357 10361 10367 10373 10378 10385 10386 10389 10397 10398 10399 10406 10415 10421 10435 10436 10441 10446 10450 10458 10459 10463 10464 10470 10477 10478 10487 10492 10498 10499 10501 10509 10510 10517 10518 10527 10528 10529 10530 10535 10538 10539 10547 10548 10562 10563 10569 10570 10571 10575 10579 10584 10591 10592 10598 10599 10600 10604 10605 10606 10608 10615 10620 10621 10627 10628 10637 10640 10641 10642 10647 10648 10653 10662 10663 10672 10673 10674 10699 10705 10710 10711 10712 10729 10730 10731 10739 10740 10741 10743 10744 10753 10756 10757 10766 10776 10781 10783 10786 10797 10804 10813 10828 10839 
	}
	history = {
		buildings = {
			infrastructure = 1
		}
		owner = MAN
		add_core_of = MAN
	}
	manpower=1
	state_category = large_planet
	buildings_max_level_factor=1.000
	local_supplies=0.000
}
