
state={
	id=99
	name="STATE_99"
	provinces={
		71 198 261 422 620 622 661 707 744 757 829 831 1018 1023 1066 1234 1270 1440 1571 1603 1695 1718 1791 1819 1848 1944 1979 2002 2042 2067 2083 2185 2253 2270 2282 2441 2555 2616 2667 2834 2875 2876 3069 3076 3290 3301 3490 3499 3593 3815 3943 4147 4196 4278 4361 4382 4479 4510 4679 4877 4916 4978 5084 5162 5240 5282 5445 5580 5649 5706 5767 5845 5868 6020 6114 6150 9716 9721 9739 9740 9741 9752 9753 9758 9762 9771 9774 9775 9783 9788 9794 9801 9803 9807 9817 9824 9825 9831 9832 9833 9834 9843 9844 9847 9848 9859 9860 9861 9862 9863 9869 9877 9878 9879 9882 9895 9900 9901 9912 9913 9918 9924 9929 9930 9931 9934 9935 9937 9941 9946 9950 9951 9958 9959 9972 9973 9976 9981 9982 9988 9989 9994 10000 10004 10011 10012 10013 10024 10032 10038 10039 10046 10051 10055 10056 10059 10063 10067 10074 10077 10078 10079 10091 10092 10101 10106 10115 10123 10137 10147 10148 10150 10161 10162 10169 10179 10180 10189 10201 10202 10203 10204 10218 10225 10233 10244 10247 10255 10256 10269 10270 10271 10284 10293 
	}
	resources={
		chromium=3#Circuitry
		credits=2
	}
	history = {
		buildings = {

			# radar_station = #Tracking Station

			# credits_building = #Trading Hubs

			# minerals_refinery = #Mineral Refinery

			# synthetic_refinery = #Tibanna Refinery

			# anti_air_building = #Planetary Shields

			# industrial_complex = #Civilian Factories

			# arms_factory = #Military Factories

			# dockyard = #Shipyard

			# infrastructure = 1#Infrastructure

			# air_base = 1#Small Spaceports



			3943 = {
				naval_base = 3
			}
		}
		owner = CIS
		add_core_of = CIS
	}
	manpower = 3785801
	state_category = large_planet
	buildings_max_level_factor=1.000
	local_supplies=0.000
}
